Name	Underarm_01	Underarm_02	Underarm_03	Underarm_04	Underarm_05	Underarm_06	Underarm_07	Underarm_08	Underarm_09	Underarm_10	Underarm_11	Underarm_12	Underarm_13	Underarm_14	Underarm_15	Underarm_16	Underarm_17	Underarm_18	Underarm_19	Underarm_20
Wallemia_mellicola	0	0	0	0	0	0	0	0	0	0.001120955	0	0	0	0	0	0	0	0	0	0
Candida_orthopsilosis	0.001089803	0	0	0	0	0	0	0	0	0	0	0	0	0	0	0	0	0	0	0
Candida_tropicalis	0	0.000283386	0	0	0.000211419	0	0	0	0	0	0	0.002885492	0.000107075	4.19E-05	0.00037163	0.000429816	0.000328818	0	0	4.28E-05
Malassezia_globosa	1.12E-05	0.000869795	0.002094691	0.00117556	0.002218034	0.001813111	0.00288926	0.002426424	2.48E-05	0.000702353	0.000404846	0.001781029	0.000794304	0.000306198	0.004623157	0.000105476	0.000441747	0.001312897	0.000987577	0.000721713
Malassezia_sympodialis	0	0	0	0	0	0	0	0	0	0.000520138	0	0	0	0	0	0	0	0	0	0
Malassezia_restricta	0.000257725	0.000446749	0.001243283	0.000181645	0.000584266	7.67E-05	0.000986028	0.000576765	0.000150189	0.003866899	0.001118071	0.005309853	0.000992944	0.000174747	0.002509534	0.003093662	0.000188699	0.006155252	0.000239992	0.000272936
Aureimonas_sp_AU20	0	0	0	0	0	0	0	0	0	0	0	0	0	0	0	0	0	0	3.53E-05	0
Methylobacterium_sp_V23	0	0	1.31E-05	0.000139009	0	0	0	0.000875287	0	0	0	0	0	0	0	0	0	0	0.000498999	1.63E-05
Kocuria_sp_2SI	0	0	0	0	0	0	0	0	0	0	0	0	0	0	0	0	0	0	0	9.66E-05
Dermacoccus_abyssi	0	0	0	0	0	0	0	0	0	0.002371788	0	0	0	0	0.003639952	0	0	0	0	0.000121792
Piscicoccus_intestinalis	0	0	0	0	0	0	0	0	0	0	0	0.000347217	0	0	0.000175428	0	0	0	0	0
Pseudomonas_lactis	0	0	0	1.26E-05	0	0	0	0	0	0	0	0	0	0	0	0	0	0	0	0
Blastococcus_atacamensis	0	0	0	0	0	0	0	0	0	0	0	0	0	0	0	0	0	0	3.49E-05	0
Sphingomonas_paucimobilis	0	0	0	1.71E-05	0	0	0	0	0	0	0	0	0	0	0	0	0	0	0	0
Corynebacterium_freneyi	0	0	0	0	0	0	0	0	0	0	0	0	0	0	0.000185937	0	0	0	0	0
Pseudomonas_sp_GP01_A4	0	0	0	0	0	0	0	0	0	0	0	0	0	0.000108324	9.12E-05	0	0	0	0	0
Sphingomonas_echinoides	0.001200371	0.000374988	0.00166061	0.000229508	0.00121529	0.001593751	0.001116126	0.001380734	0.000181506	0.002175347	0.00254066	0.003109131	0.002318618	0.000109658	0.002593252	0.001379399	0.001491455	0.002001441	0.00010814	2.75E-05
Halomonas_sp_BL6	0	0	0	0	0	0	0	0	0	0	0	0.002873522	0	0	0.000520703	0	0	0	0	0
Blastococcus_sp_TF02_9	0	0	0	0	0	0	0	0	0	0	0	0	0	0	0	0	0	0	0.000180607	0
Brevibacterium_casei	0.001038079	0.001245252	1.80E-05	0.00010592	0.004755491	6.63E-05	2.32E-05	0.000348697	7.20E-05	0.000425696	0.00030102	0.000321086	0.000140095	6.46E-05	0.000698383	7.37E-05	2.09E-05	0.005436283	0.00117653	0
Microbacterium_lacticum	0	0	0	0	0	0	2.36E-05	0	0	0.000299051	0.000167687	2.95E-05	0	0	0.00022731	0	0	0	0.000122435	0
Clostridioides_difficile	0	0	0	0.000130792	0	0	0	0	0	0	0	0	0	0	0	3.67E-05	0	0	0	0
Acinetobacter_parvus	0	0	0	1.94E-05	0	0	0	0	0	0	0	0	0	0	0	0	0	0	0	0
Pseudomonas_guguanensis	0	0	0	0	0	0	0	0	0	0	0	0	0	0	0	0	0	0	0	0
Pedobacter_sp_KBW06	0	0	0	0	0	0	0	0	0	0	0	0	0	1.63E-05	0.000387979	0	0.000412367	0	0	0
Serratia_grimesii	0	0	0	0	0	0	0	0	0	0	0	0	0	0	0.000817605	0	0.000851882	0	0	0
Candidatus_Planktophila_sulfonica	0	0	0	0	0	0	0	0	0	0	0	0	0	0	0.000327264	0	0	0	0	0
Rhodobacter_sphaeroides	4.62E-05	9.43E-05	4.40E-05	0	1.44E-05	0.000222113	1.08E-05	2.89E-05	0	0.000142774	3.33E-05	0.000161982	1.91E-05	0	0.00011715	1.43E-05	2.93E-05	2.64E-05	1.63E-05	3.35E-05
Bacillus_sp_2B10	0	0	0	0	0	0	0	0	0	0	0	0	0	0	0	0	0	0	2.34E-05	0
Hydrogenophilus_thermoluteolus	0	0	0	0	0	0	0	0	0	0	0	0	0	0	0	0	0	0	0	0
Pseudomonas_fluorescens	0	0	0	2.54E-05	0	0	0	0	0	0	0	0	0	0	0.000346671	6.78E-05	0.000159038	0	0	0
Amaricoccus_sp_HB172011	0	0	0.000597892	0	0	0	0	0	0	0	0	0	0	0	0	0	0	0	0	0
Brevundimonas_diminuta	0	0	0	0	0.000554113	0	0	0	0	0	0	0	0	0	0	0	0	0	0	0
Corynebacterium_striatum	0	0	0	0	0	0.000118041	0.001633855	0.001372378	0	0	0	0	0	0.000482697	0	0	0	0	0	0
Methylorubrum_populi	0	0	0	1.99E-05	0	0	0	0	0	0.000532959	0	0	0	0	0.000900548	0	0	0	6.26E-05	1.35E-05
Chryseobacterium_taklimakanense	0	0	0	0	0	0	0	0	0	0	0	0	0	0	0	0	0	0	0.000276057	0
Bosea_sp_124	0	0	0	0	0	0	0	0	0	0	0	0	0	0	0.000207507	5.79E-05	0	0	0	0
Pedobacter_nutrimenti	0	0	0	0	0	0	0	0	0	0	0	0	0	0	0.00061911	0	0	0	0	0
Rheinheimera_sp_LHK132	0	0	0	0	0	0	0	0	0	0	0.00267281	0	0	0	0	0	0	0	0	0
Staphylococcus_lugdunensis	0	0	0	0	0	0	0	0	0.045031649	0	0	0	0	0	0	0	0	0	3.69E-05	0.005009873
Blastococcus_sp_TBT05_19	0	0	0	0	0	0	0	0	0	0	0	0	0	0	0	0	0	0	9.84E-05	0
Blastococcus_sp_TF02A_30	0	0	0	0	0	0	0	0	0	0	0	0	0	0	0	0	0	0	0.000237875	0
Chryseobacterium_hominis	0	0	0	1.03E-05	0	0	0	0	0	0	0	0	0	0	0.002684945	0	0	0	0.000197442	0.00028126
Methylobacterium_sp_17Sr1_39	0	0	0	0	0	0	0	0	0	0	0	0	0	0	0	0	0	0	6.27E-05	0
Bacillus_pumilus	0.005880123	0.001245338	0.014050139	0.000715048	0.005119951	0.017288947	0.002383044	0.00187093	0.001441017	0.007341231	0.009696436	0.013858245	0.007264007	0.00057528	0.019533813	0.006023849	0.006213654	0.012537125	0.000498842	0.000706051
Acinetobacter_soli	0	0	0	0	0	0	0	0	0	0	0	0	0	0	0	0	0	0	0	0.000626232
Staphylococcus_sp_AtDRG32	0	0	0	0.03266835	0	0	0	0	0	0	0	0	0	0	0	0	0	0	0	0
Acidovorax_sp_GW101_3H11	0	0	0	0	0	0	0	0	0	0	0	0	0	0	0	0	0	0	0	0
Sulfuriferula_sp_AH1	0	0	0.000793122	0	0	0	0	0	0	0	0	0	0	0	0	0	0	0	0	0
Deinococcus_wulumuqiensis	0	0	0	0	0	0	0	0	0	0	0	0	0	0	0.000198476	0	0	0	0	0
Moraxella_atlantae	0	0.000220236	0	0	0	0	0	0	0	0	0	1.11E-05	0	0	0	0	0	2.08E-05	0.008072272	5.03E-05
Sphingomonas_sp_ABOLF	0.000749591	0.000142054	0	0	0	0	0	0.000269055	0	0	0	0.000912908	0	0	0.000642842	0	0	0	0.000107893	0.000274187
Zimmermannella_alba	0	0	0	0	0	0	0	0	0	0	0	0	0	0	0	0	0	0	0	5.52E-05
Corynebacterium_sp_Marseille_P4122	0	0	0	0	0	0	0	0	0	0	0	0	0	0	0.001134883	0	0	0	0	6.55E-05
Brachybacterium_muris	0	0	0	0	0	0	0	0	0	0	0	0	0	0	0	0	0	0	8.18E-05	0.000121606
Sphingopyxis_bauzanensis	0	0	0	0	0	0	0	0	0	0.000142008	0	2.40E-05	0.001031899	0	0	0	0	0	0	0
Dyadobacter_psychrophilus	0	0	0	0	0	0	0	0	0	0	0	0	0	0	0	0	0	0	6.26E-05	0
Paracoccus_lutimaris	0	0	0	0	0	0	0	0	0	0	0	0	0	0	0.000127686	0	0	0	0	9.78E-05
Blastococcus_endophyticus	0	0	0	0	0	0	0	0	0	0	0	0	0	0	0	0	0	0	0.000112019	0
Corynebacterium_jeddahense	0.003057211	0.362532837	0.000666504	0.000299643	0.002253828	0.00094291	0.000891018	0.06929314	0.000280242	0.00423955	0.000169936	0.025352117	0.000163914	0.003951946	0.00299647	6.22E-05	0.000105957	0.000112734	0.004324152	8.22E-05
Massilia_timonae	0	0	0	0	8.93E-05	0	0	0	0	0	0	0	0	0	0	0.00018772	0	0	0	0
Bosea_sp_CF476	0	0	0	0	0	0	0	0	0	4.21E-05	0	0	0	0	0	0	0	0	0	0
Corynebacterium_sp_HMSC078H07	0	0	0	0	0.002022876	0	0	0.000374866	0	0	0	0	0	0	0	0	0	0	0.003093522	0.000209658
Xanthomonas_campestris	0	0	0	0	0	0	0	0	0	0.000670509	0	0	0	0	0	0	0	0	0	0
Pseudomonas_sp_F_2018	0	0.000660781	0	0	0	0	0	0	0	0	0	0	0	0	0	0	0	0	0	0
Gordonia_sp_GAMMA	0	0	0	0	0	0	0	0	0	0	0	0	0	0	0	0	0	0	0.006543453	0
Sphingomonas_sp_Leaf257	0	0	0	0	0	0	0	0	0	0	0	0	0	0	0	0	0	0	6.74E-05	0
Paracoccus_sp_M683	0	0	0	0	0	0	0	0	0	0	0	0	0	0	0	0	0	0	0	0
Blastococcus_aggregatus	0	0	0	0	0	0	0	0	0	0.000694648	0	0	0	0	0	0	0	0	0.00020833	0
Corynebacterium_senegalense	0	0	0	0	0	0	1.83E-05	0.0041086	0	0	0	0	0	6.08E-05	0.001522135	0	0	0	0.000488362	0
Rhodobacter_sp_LPB0142	0	0	0	0	0	0	0	0	0	0	0	0	0	0	0	0	0	0	3.67E-05	0
Roseomonas_mucosa	0	0	0	0	0	0	0	0	0	0	0	0	0	0	0	0	0	0	0	0.001105899
Corynebacterium_hadale	0	0.000702307	0	0	0	0	0	0	0	0	0	0	0	0	0	0	0	0	0.001442411	0
Aliihoeflea_sp_2WW	0	0	0	0	0	0	5.79E-05	0	0	0.000156966	0	0	0	0	0.000184448	0.000414544	0	0	0	0
Acidovorax_temperans	0	0	0	0	0	3.82E-05	0	0	0	0	0	0	0	0	0	0	0	0	0	0
Corynebacterium_sp_HMSC059E07	0	0	0	0	0	0	0	0	0	0	0	0	0	0.000873528	0	0	0	0	0	0
Pseudomonas_sp_FW305_130	0	0	0	0	0	0	0	0.000306336	5.49E-05	0	0	0.001475932	0	1.82E-05	0.000246033	6.36E-05	0.00012193	0	0	1.37E-05
Janibacter_limosus	0	0.000410547	0	0	0	0	0	0	0	0	0	0	0	0	0	0	0	0	0	0
Rhizobiales_bacterium_YIM_77505	0	0	0	2.73E-05	0	2.53E-05	0.000128915	0	0.000138341	0	0	2.74E-05	0	1.75E-05	1.36E-05	0	0	0.000329096	0	0
Burkholderiales_bacterium_C2	0	0	0	0	0	0	0	0	0	0	0	0	0	0	0	0	9.31E-05	0	0	0
Haematobacter_missouriensis	0	5.77E-05	0	0	0	0	0	0	0	0	0	0	0	0	0	0	0	0	0	0
Acinetobacter_indicus	1.17E-05	0.001671461	0	0	0	0	0	0	0	0	0	0	0	0	0	0	0	0	0	0
Methylobacterium_sp_CCH5_D2	0	0	0.000152297	0	0	0	0	0	0	0.00014348	0	0	0	0	0.000241808	0	0	0	0.000933811	1.86E-05
Sphingomonas_koreensis	0	0	0	0	0	0	0	0	0	0.000100698	0	0	0	0	0	0	0	0	3.37E-05	0
Brachybacterium_sp_UMB0905	0	0	0	0	0	0	0	0	0	0	0	0	0	0	0.000406523	0	0	0	0	0
Pseudoxanthomonas_sp_J35	0	0.000174696	1.01E-05	0	0	7.82E-05	0	0	0	0	0	4.46E-05	0.000178694	0	0	0	1.14E-05	0	5.73E-05	0
Sphingomonas_sp_ABOLG	0	0	0	0	0	0	0	0	0	0	0	0	0	0	0	0	0	0	0.000144415	0.000327122
Rahnella_sp_AA	0	0	0	0	0	0	0	0	0	0	0	0	0	0	0	0	0.000252203	0.000523127	0	0
Janibacter_indicus	0.000490891	0.022801952	4.31E-05	0	0.000333091	3.68E-05	0.000179174	0.000237426	0	0.000731061	0.000264944	4.95E-05	0	0	0.001119577	0.000811542	0	0	0.000886529	2.32E-05
Novosphingobium_sp_HII_3	0.000289752	0.000457579	0	0	0	0	0	0	0	0	0	0	0	0	0	0	0	0	0	7.82E-05
Stenotrophomonas_sp_BK441	0	0	0	0	0	0	0	0	0	0	0	0	0	0	0	0	0	0	0	0.00016244
Micrococcus_sp_MS_ASIII_49	0	0	0	0	0.011089598	0	0	0	0	0	0	0	0	0	0	0	0	0	0	0
Corynebacterium_ureicelerivorans	9.68E-05	0.003166523	0.002290101	2.26E-05	0.000385856	0.000575361	0.000344638	0.003707131	2.02E-05	0.006664982	7.57E-05	0.000382096	7.41E-05	0.000454961	0.002609208	9.94E-05	0.001202275	0.002859796	0.489965431	0.000294927
Actinomyces_sp_HMSC035G02	0	0	0	0	0	0	0	0	0	0	0	0	0	0	0	0	0	0	0	0
Cloacibacterium_normanense	0	0	0	0	0	0	0	0	0.002666682	0	0	0.00725868	0	0	0	0	0	0	0	0
Luteibacter_yeojuensis	0	0	0	0	0	0	0	0	0	0	0	0	0.000504946	0	0	0	0	0	0	0
Corynebacterium_lipophiloflavum	0	0	0	0	0	0	0	0.00087012	0	0	0	0	0	0	0	0	0	0	0.00116567	0
Belnapia_rosea	0	0	0	0	0	0	0	0	0	0	0	0	0	0	0	0	0	0	3.48E-05	0
Lysobacter_soli	0	0	0	0	0	0	0	0	0	0	0	0	0	0	0	0	0	0	0	1.34E-05
Corynebacterium_sp_HMSC08F01	0	0	0	0	0	0	0	0	0	0	0	0	0	0	0	0	0	0	0.00020625	0
Herminiimonas_sp_KBW02	0	0	0	0	0	0	0	0	0	0	0	0	0	0	0	0	0	0	4.50E-05	0
Salinivibrio_proteolyticus	0	0	0	0	0	0	0	0	0	0	0	0	0	0	0.002185146	0	0	0	0	0
Corynebacterium_sp_NML98_0116	0	0.000805706	0	0	0	0	0	0	0	0	0	0	0	0	0	0	0	0	0	0
Yokenella_regensburgei	0	0	0	0	0	0	0	0	0	0.000797598	0	0	0	0	0	0	0	0	0	0
Pseudopropionibacterium_propionicum	0	0	0	0	0	0	0	0	0	0	0	0	0	0	0	0	0	0	0	1.28E-05
Halomonas_hydrothermalis	0	0.000668792	0	0.000242545	0	0	0.002225114	0.001409643	0.000770333	0.003258533	0	0	0	0	0.008489974	0.00186083	0.004136418	0.006541722	0.000501282	0.00022134
Micrococcus_luteus	0.000128224	0.017215528	0.000122285	0.000940203	0.105795315	0.010224815	0.031176007	0.065018182	0.00011548	0.017999445	0	0.00560254	0.000368458	0	0.007656032	0	0	0	0.008285937	0
Micrococcus_lylae	0	0	0	0	0	0	0.000272319	0	0	0	0	0	0	0	0	0	0	0	0	4.48E-05
Dermacoccus_nishinomiyaensis	0.067978004	2.86E-05	3.76E-05	4.73E-05	0.000537634	0.000256541	0.000518353	0.016654663	5.92E-05	0.005434733	0	0	3.09E-05	1.99E-05	0.019484512	0.000211496	3.83E-05	0.008353002	7.78E-05	0.00240487
Alishewanella_sp_WH16_1	0.004159831	0	0	0.00062764	0.003183568	0.000206456	0.002579641	0.000108637	0.001343441	0	0	0	0	0	0.004323127	0	0	0	0	0
Methylobacterium_currus	0	0	0	0	0	0	0	0	0	0	0	0	0	0	0	0	0	0	9.86E-05	0
Serratia_marcescens	0	0	0	0	0	0	0	0.00089815	0.00016794	0.002043495	0	0.003442362	0	0.000126445	0.004297705	0.001596335	0.003541394	0.002310398	0	0
Brevundimonas_sp_KM4	0	0	0	0	0	0	0	0	0	0.001173077	0.000492785	0	0	0	0	0	0	0	0	0.000126102
Aureimonas_sp_AU22	0	0	0	0	0	0	0	0	0	0	0	0	0	0	0	0	0	0	3.75E-05	0
Acidovorax_ebreus	0	0	0	1.04E-05	0	0	0	0	0	0	0	0	0	0	0	0	0	0	0	0
Exiguobacterium_sp_S17	0	0	0	0	0	0	0	0	0	0	0	0	0	0	0	0	0	0	0	2.56E-05
Corynebacterium_sp_HMSC08C04	0	0	0	0	0	0	0	0	0	0	0	0	0	0	0	0	0	0	0	6.28E-05
Peptoniphilus_rhinitidis	0	0	0	0	0.083077071	0	0	0	0	0	0	0	0	0.013229073	0	0	0	0	0	0
Staphylococcus_capitis	0.204715941	0.002974805	0.019791789	0.524392445	0.017993288	0.043397914	0.000168913	0.000530569	0.00015886	0.003290332	0.000512763	0.018044618	0.013410362	0.001276807	0.001599711	0.086528551	0.006806895	0.000491963	0.006847195	0.00286308
Staphylococcus_aureus	0	0	0	0	0	0	0	0	0	0	0	0	0	0	0	0	0	0	0	0
Staphylococcus_haemolyticus	0	0	0	0	0	0	0	0	0	0	0	0	0	0.012610264	0	0.064960075	0.107505858	0	0.097910723	0.072229929
Staphylococcus_epidermidis	0.544000963	0.02030473	0.140631174	0.030012975	0.323848548	0.145932764	0.606876851	0.102522957	0.585771744	0.042254298	0.69624259	0.020458796	0.478325393	0.485706048	0.091195149	0.535968146	0.501322618	0.044923839	0.020133488	0.096124161
Dermabacter_sp_HMSC08H10	0	0	0	0	0	0	0	0	0	0	0	0	0	0.000227365	0	0	0	0	0.000225962	9.88E-05
Rhizobium_selenitireducens	0	0	0	0	0	0	0	0	0	3.56E-05	0	0	0	0	0	0	0	0	0	0
Halomonas_sp_KX33721	0	0	0	0	0	0	0	0	0	0	0	0	0	0	0	0	0.000629918	0	0	0
Corynebacterium_glucuronolyticum	0	0	0	0	0	0	0	0	0	0	0	0	0	1.79E-05	0	0	0	0	0	0
Microvirga_flocculans	0	0	0	0	0	0	0	0	0	0	0	0	0	0	0	0	0	0	3.39E-05	0
Streptococcus_mutans	0.000155023	0.000125974	0.029043051	2.19E-05	0.000105966	0.000786732	0.000140473	0.026057642	0.003449941	0.000149957	0.012075195	0.00094492	0.011346434	2.55E-05	0.022587006	0.0004362	0.002662499	0.000117205	0.000988835	0.000485866
Candidatus_Blastococcus	0	0	0	0	0	0	0	0	0	0	0	0	0	0	0	0	0	0	7.77E-05	0
Peptoniphilus_lacydonensis	0	0	0	0	0	0	0	0	0	0	0	0	0.001052626	0.036649632	0	0	0	0	0	0
Mycobacterium_sp_SWH_M3	0	0	0	0	0	0	0	0	0	0	0	0	0	0	0	0.000562288	0	0	0	0
Corynebacterium_sp_BCW_4722	1.10E-05	0.001360692	0	0	0	0	0	0	0	0.000405535	0	0	4.52E-05	0.002959421	2.39E-05	0	0	0	0.000505699	0
Halomonas_lionensis	0	0	0	0	0	0	0	0	0	0	0	0	0	0	0.000160505	0.000787418	0	0	0	0
Methylobacterium_dankookense	0	0	0	0	0	0	0	0	0	0	0	0	0	0	0	0	0	0	0.000107042	0
Salinivibrio_sp_IB872	0	0	0	0	0	0	0	0	0	0	0.001109411	0.023382859	0	0	0	0	0	0	0	0
Phenylobacterium_immobile	0	0	0	0	0.000671705	0	0	0	0	0.00098172	0.000651342	0.004051305	0.00080414	0	0.001997543	0.000662587	0.00136714	0	0	0.000128988
Pseudoxanthomonas_sp_Root65	0	0	0	0	0	0	4.38E-05	0	0	0	0	0	0	0	0	0	0	0	0	0
Mycobacteroides_abscessus	0.000148457	0	0	0	0	0	0	0	0	0	0	0	0	0	0	0	0	0	0	0
bacterium_M00_F_Ca_ET_230_01_1_1	0	8.30E-05	0	0	0	2.11E-05	0.00024699	0	0	0.000137204	0	0.000415167	0	0	0.000116201	0	6.89E-05	0	3.82E-05	5.37E-05
Sphingomonas_sp_JUb134	0	7.56E-05	0	0	0	0	0	0	0	0	0	0	0	0	0	0	0	0	0	0.00044874
Skermanella_aerolata	0	0	0	0	0	0	0	0	0	0.00029733	0.000152767	0	0	0	0	0	0	0	0	6.82E-05
Microbacterium_aurum	0	3.36E-05	2.75E-05	0.000429009	0	4.33E-05	0	0	0	0.000784281	0.000318057	0	0	0	0.000294189	0	0	0	0.001245846	0
Corynebacterium_fournierii	0	0.000311609	1.14E-05	0	0.001276684	3.83E-05	1.91E-05	0.001494624	0.000118201	0.007598678	0	0.003145905	1.83E-05	0.000643561	0	0.000132266	1.65E-05	3.12E-05	0.013180755	0.00032587
Deinococcus_sp_K2S05_167	0	0	0	0	0	0	0	0	0	0	0	0	0	0	0.002007808	0	0	0	0	0
Cruoricaptor_ignavus	0	0	0	0	0	0	0	0	0	0	0	0	0	0	0	0	0	0	0.000190878	0
Corynebacterium_sp_HMSC11D10	0	0	0	0	0	0	0	0	0	0	0	0	0	0	0	0	0	0	0.001527903	0
Mycobacterium_sp_UM_WWY	0	0	0	0	0	0	0	0	0	0	0	0	0	0	0	0	0	0	6.28E-05	0
Corynebacterium_durum	0	0	0	0	0	0	0	0	0	0	0	0	0	3.57E-05	1.78E-05	0	0	0	0	0
Stenotrophomonas_panacihumi	0	0	0	0	0	0	0	0	0	0	0	0	0	0	0	0	0	0	0	3.68E-05
Pseudomonas_seleniipraecipitans	0	0	0	0	0	0	0	0	0	0	0	0	0	0	8.68E-05	0	0	0	0	0
Ottowia_oryzae	0	0	0	0	0	0	0	0	0	0	0	0	0	0	0	0	0	0	0	0
Bosea_thiooxidans	0	0	0	0	0	0	0	0	0	0	0	0	0	0	0	4.84E-05	0	0	0	0
Mycolicibacterium_novocastrense	0	0	0	0	0	0	0	0	0	0.000109468	0	0	0	0	0	0	0	0	0	0
Bacteroides_vulgatus	0.000135409	0	0	1.85E-05	0	0	0	0	0	0	0	0.000577339	0	0	0	0	0	0	0	0
Micrococcus_terreus	0	0	0	0	0	0	0	0	0.000216544	0	0	0	0	0	0	0	0	0	0	0
Bordetella_ansorpii	1.03E-05	0.001359709	0	0	0	0	0	0	0.000254848	0	0	0	0	0	0	0	0	0	0	0
Alishewanella_sp_HH_ZS	0	0	0	0.000301101	0	0	0	0	0	0	0	0	0	0	0.002221681	0	0	0	0	0
Corynebacterium_sp_HMSC034A01	3.91E-05	0.001589217	0	5.86E-05	0.005630695	0	1.33E-05	0.000856143	2.11E-05	0.04799498	0.000733183	0.000197182	8.12E-05	1.28E-05	0	0	0	5.78E-05	0.011659222	6.77E-05
Halomonas_sp_BC2	0	0	0	0	0	0	0	0	0	0	0	0	0	0	0	0	0	0.001327707	0	0
Halomonas_sp_BC1	0	0	0	6.68E-05	0.001294928	0	0.001052873	0.000578759	0	0	0	0	0	0.000173226	0.002210316	0	0	0	0.000132922	0
Gordonia_otitidis	0	6.19E-05	0	0	0	0	0	0	0	0	0	0	0	0	0.000246047	0	0	0.000639174	0	0
Niveispirillum_irakense	0	0.000442576	0	0	0	0	0	0	0	0	0	0	0	0	0	0	0	0	0	0
Paracoccus_sp_SYSUP0003	0	0.000171742	0	0	0	0	0	0	0	0	0	0	0	0	0	0	0	0	6.74E-05	0.00011995
Blastococcus_saxobsidens	0	0	0	0	0	0	0	0	0	0	0	0	0	0	0	0	0	0	0.000145243	0
Actinomyces_naeslundii	0	0	0	0	0	0	0	0	0	0	0	0	0	0	0.001172056	0	0	0	0	0
Trichococcus_flocculiformis	0	0.002640721	0	0	0	0	0	0	0	0	0	0	0	0	0	0	0	0	0	0
Halomonas_sp_GFAJ_1	0.000504182	0	0.001992695	7.90E-05	0	0	0	0	0	0	0	0.005830732	0	0	0.00011112	0	0	0	0	0
Acinetobacter_johnsonii	0	0	0.002378239	0.000154903	0	0	0	0.000833433	0.000876911	0.001430209	0	0	0	4.80E-05	0.001066121	0	0	0	0.000343321	0.000118376
Acinetobacter_junii	0.00029744	0.02958767	0.000139183	0.000457426	0.000679032	0.013368231	0.003661597	0	0.000130178	0	0	0	4.99E-05	0	0.004114962	0.000635779	0.000746804	5.91E-05	0.002245971	0
Paracoccus_contaminans	0	0	0	0	0	0	0	0	0	0.000843248	0	0	0	0	0.000661008	0	0	0	0	0.000482381
Empedobacter_brevis	0	0	0	0	0	0	0	0	0	0	0	0	0	0.000105209	0	0.00219643	0.001001256	0	0	0
Serratia_liquefaciens	0	0	0	0	0	0	0	0	0	0.000277363	0	0	0	2.25E-05	0	0.000279343	0.000303076	0	8.78E-05	0
Propionibacterium_sp_KPL1844	1.41E-05	0.000913661	0.005198581	0	0.011046236	0.000203884	6.71E-05	0.010232354	0.001792914	0.002283118	2.09E-05	0.010117195	0.000329104	0.020014857	0.000134197	0.003204578	0.016413774	6.08E-05	0.00034132	2.28E-05
Diaphorobacter_polyhydroxybutyrativorans	0	0	0	2.98E-05	0	0	0	0	0	0	0	0	0	0	0	0	0	0	0	0
Achromobacter_denitrificans	0	0	0	0	0	0	0	0	0	0	0	0	0	0	0	0	1.59E-05	0	0	0
Pseudomonas_yangmingensis	0	0.000242389	0	0	0	0	0	0	0	0	0	0	0	0	0	0.000385226	0	0	0	0
Pseudomonas_sp_382	0	0	0	4.27E-05	0	0	0	0	0	0	0	0	0	0	0	0	0	0	0	9.91E-05
Janibacter_hoylei	0	0.000218479	0	0	0.000153786	1.90E-05	0.000169769	0	0	0.004371671	0	0	0	0	0	0.00038907	0	0	0	0
Sphingomonas_sp_TF3	0	0	0	0	0	0	0	0	0	0	0	0	0	3.48E-05	0.000195573	0	0.000302868	0.000556953	0	1.61E-05
Pantoea_septica	0	0	0	0	0	0	0	0	0	0.000832024	0	0	0	0	0	0	0	0	0	3.05E-05
Stenotrophomonas_maltophilia	4.79E-05	0.002476441	0.000549581	2.77E-05	0.000548706	0.000144685	0.000199759	0.000293852	0	0.000230454	0.000482168	0.001083158	2.08E-05	1.33E-05	0.000290227	7.76E-05	1.97E-05	1.69E-05	1.74E-05	0.000256799
Staphylococcus_saprophyticus	0	0	0	0	0	0	0	0	0	0.004304896	0	0	0	0	0	0	0	0	0	0
Kocuria_rhizophila	0.003970814	0	0	0	0	0	0	0	0	0	0	0	0	0	0	0	0	0.006141837	0	0.000818255
Caulobacter_sp_FWC26	0	0	0	8.42E-05	0	0	0	0	0	0	0	0	0	0	0	0	0	0	0	0
Luteibacter_rhizovicinus	0	0	0.000807785	0	0	0	0	0	0	0	0	0	0	0	0	0	0	0	0	0
Pseudonocardia_hydrocarbonoxydans	0	0	0	0	0	0	0	0	0	0.000136218	0	0	0	0	0	0	0	0	0	0
Brevibacterium_sp_VCM10	0	0	0	0	0	0	0	0	0	0	0	0	0	0	0	0	0	0	0	3.04E-05
Paracoccus_sanguinis	0	0.000413707	0.00483954	4.97E-05	0	2.95E-05	0.000156284	0	0	0.000805144	0	0	0	0	0.002211155	0.000129576	0	0	0.000710928	0.000439832
Perlucidibaca_sp_HR_E	0	0.000258398	0	0	0	2.65E-05	0	0	0	1.12E-05	0	6.05E-05	0	0	1.23E-05	0	0	0	0	0
Microvirga_sp_CCBAU_65841	0	0	0	0	0	0	0	0	0	0	0	0	0	0	0	0	0	0	3.09E-05	0
Methyloversatilis_universalis	0	0	1.12E-05	1.28E-05	0	4.19E-05	0.0001115	0	0	0	0	2.90E-05	0	0	2.23E-05	0	0	0	0	0
Acinetobacter_lwoffii	0	0	0	0	0	0	0	0	0	0	0	0	0	0	0	0	0	0	0.000377718	0
Stenotrophomonas_sp_278	0	0.000603246	0	0	0	0	0	0	0	0	0	0	0	0	0	0	0	0	0	0
Gordonia_terrae	0	7.84E-05	0	0	0	0	0	0	0	0	0	0	0	0	0	0	0	0	0.000365317	0
Gordonia_bronchialis	0	0.000121016	0	0	0	0	0	0	0	0	0	0	0	0	0.000776348	8.01E-05	0	0	0	2.60E-05
Amycolatopsis_marina	0	0	0	2.62E-05	0	0.001487081	0	0.000142062	0	7.64E-05	0	0	0	0	0.000187526	5.05E-05	4.41E-05	0.000570424	0	0
Luteimonas_sp_YGD11_2	0	0	0	0	0	0	0	0	0	0	0	0	0	0	0	0	0	0	0.000171661	0
Niveispirillum_cyanobacteriorum	0	0	0	0	0	0	0	0	0	0	0	0	0	0	1.09E-05	0	0	0	0	0
Vulcaniibacterium_thermophilum	0.00039224	3.58E-05	0.000833753	6.78E-05	2.48E-05	0.000252993	1.60E-05	4.29E-05	1.43E-05	0.000189396	4.94E-05	0.00024237	4.06E-05	1.13E-05	0.000224007	3.81E-05	5.48E-05	4.48E-05	2.60E-05	0
Lysobacter_tolerans	0	0	0	5.98E-05	0	0	0	0	0	0	0	0	0	0	0	0	0	0	0	0
Janibacter_anophelis	0	0.000120747	0	0	0	0	0	0	0	0	0	0	0	0	0	0.000397447	0	0	0	0
Novispirillum_itersonii	0	0	0	0	0	0	0	0	0	0	0	0	0	0	0	0	0	0	0	5.49E-05
Enhydrobacter_sp_H5	0	0	8.02E-05	0.001261813	0.008612525	0.000840128	0.008921965	0.012041784	0	0.005950938	0.01010671	0.022852688	6.41E-05	0.000322109	0.017474517	0	5.09E-05	0	0.00170123	0.002176081
Corynebacterium_gottingense	0	0	0	0	0.001405022	0	0	0	0	0	0	0	0	0	0	0	0	0	0	0
Barrientosiimonas_humi	1.66E-05	0.000414099	1.17E-05	0	0.000902354	0.003572193	1.48E-05	3.77E-05	3.53E-05	0.116255682	8.90E-05	0.000110592	0	0	0.000315893	8.25E-05	0	0	2.91E-05	0
Curtobacterium_sp_ER1_6	0	0	0	0	0	0	0	0.000382138	0	0	0	0	0	0	0	0	0	0	0	0
Vibrio_metschnikovii	0	0	0	0	0	0	0	0.001160208	0	0	0	0.004199992	0	1.01E-05	0	0	0.00068926	0	0	3.17E-05
Sphingomonas_dokdonensis	0	0	0	0	0	0	0	0	0	0	0	0	0	0	0	0	0	0	0	0.000612688
Halomonas_sp_141	0	0	0	0	0	0	0	0	0.000180329	0.001820352	0.003959716	0	0	0	0	0	0.001128282	0	0	5.88E-05
Paracoccus_sp_M1_83	0	0	0	0	0	0	0	0	0	0	0	0	0	0	0	0	0	0	0.000131855	0
Sphingomonas_melonis	0	0	0	0	0	0	0	0	0	0.000133688	0	0	0	0	0.000217495	0	0.000340425	0	0	1.84E-05
Kocuria_indica	0.001268463	0.002007019	0	0	0	0	0	0	0	0	0	0	0	5.01E-05	0.014383149	0	0	0	0	0
Aureimonas_sp_Leaf454	0	0	0	0	0	0	0	0	0	0	0	0	0.00063746	0	0.000423673	0	0	0	0	0
Gemmatimonas_aurantiaca	0.000336263	4.96E-05	0.000384346	1.97E-05	0.00021222	0	0	0	3.86E-05	0	0	0	0	1.47E-05	0.000161229	0.000123982	0.000107498	0.000125645	0	0
Acinetobacter_variabilis	6.51E-05	0.00746524	0	0	0	0	0	0	0	0	0	0	0	0	0	0	0	0	0	0
Paracoccus_solventivorans	0	0	0	0	0	0	0	0	0	0	0	0	0	0	0	0	0	0	0	2.77E-05
Mycolicibacterium_mageritense	0	0	0	0	0	0	0	0	0	0	0	0	0	0	0	0.000940715	0	0	0	0
Nakamurella_multipartita	0	0	0	0	0.000576489	0	0	0	0	0	0	0	0	0	0	0	0	0	0	0
Selenomonas_sputigena	0	0	0	0	0	0	0	0	0	4.22E-05	0.009227809	2.69E-05	0	0	0	0	0	0	0	0
Roseomonas_sp_FDAARGOS_362	0	0	0	0	0	0	0	0	0	0	0	0	0	0	0	0	0	0	0	0.000901452
Actinomyces_oris	0	0	0	0	0	0	1.05E-05	0.002457255	0	0	0.000450788	0	0	0	0	0	0	0	0	0
alpha_proteobacterium_AAP81b	0	0	0	0	0	0	0	0	0	0.000127758	0.000273983	0	0	0	0	0	0	0	0	0
Bradyrhizobium_sp_CCH5_F6	0	0	0	0	0	0	0	0	0	0	0	0	0	0	0.000138276	0	0	0	0	0
Schaalia_odontolytica	6.06E-05	2.29E-05	5.47E-05	0	1.36E-05	0.000223765	1.18E-05	2.37E-05	0	3.72E-05	3.29E-05	0.000141436	2.48E-05	1.40E-05	0.000377005	1.55E-05	2.92E-05	3.73E-05	2.67E-05	0
alpha_proteobacterium_L41A	0	0	0	0	0	0	0	0	0	0	0	0	0	0	0.000985741	0.00030728	0	0	0	0
Nitratireductor_sp_OM_1	0	0	0	0	0.000221194	0	0	0	0	0	0	0	0	0	0	0	0	0	0	0
Sphingobium_sp_DC_2	0	0	0	0	0	0	0	0	0	0	0	0	0	0	0	0	0	0	1.94E-05	0
Paracoccus_sp_GY0581	0	9.93E-05	0	0	0	0	0	0	0	0.000489589	0	0	0	0	0	0	0	0	0	3.83E-05
Gordonia_sp_IITR100	0	0.000416068	0	0	0	0	0	0	0	0.003774884	0	0	0	0	0	0	0	1.84E-05	0.00529908	0
Roseomonas_sp_TAS13	0	0	0	0	0	0	0	0	0	0	0	0	0	0	0	0	0	0	0	0.000463975
Staphylococcus_hominis	0.023672722	0.289646877	0.047169115	0.30450307	0	0.01187692	0.049270297	0.219376637	0.113720648	0.248433339	0	0	0.175176405	0.038927215	0.151513496	0.052033924	0	0	0.109492568	0.679905405
Sphingomonas_sp_JS21_1	0	0	0	0	0	0	0	0	0	0	0	0	0	0	0	0	0	0	0	4.47E-05
Neisseria_sicca	0	0	0	0	0	0	0	0.000732629	0	0	0	0	0	0	0	0	0	0	0	0
Cutibacterium_granulosum	0.00595225	0.009317573	0.059339314	0.000149794	0.057141713	0.000867982	0.002864526	0.009288116	0.000566115	0.001185713	3.76E-05	0.020550724	0.003507383	0.02101272	0.00073223	0.002337762	0.016668639	0.021580721	0.000659518	9.42E-05
Corynebacterium_singulare	0	0	0	0	0.00031391	0	0	0	0	0.001101456	0	0	4.13E-05	0.001660607	0.000782248	0.000344836	0	0	0	5.01E-05
Tsukamurella_tyrosinosolvens	0	0	0	8.23E-05	0	0	0	0	0	0	0	0	0	0	0.001668271	0	0	0	0	0
Diaphorobacter_nitroreducens	0	0	0	1.14E-05	0	0	0	0	0	0	0	0	0	0	0	0	0	0	0	0
Corynebacterium_mastitidis	0	0	0	0	0	0	0	0	0	0	0	0	0	0.000296635	0	0	0	0	0	0
Bifidobacterium_adolescentis	6.41E-05	3.58E-05	6.38E-05	0	2.46E-05	0.000315869	2.19E-05	3.66E-05	1.02E-05	6.03E-05	3.81E-05	0.000268308	3.23E-05	0	9.01E-05	1.90E-05	4.26E-05	4.54E-05	1.88E-05	0
Phenylobacterium_zucineum	0	0	0	0	0	0	0	0	0	0	0	0	0	0	0	0	0.000204459	0	0	1.11E-05
Vibrio_cholerae	0	0	0	4.99E-05	0	0	0	0	0	0	0	0	0	0	0	0	0	0	0	0
Methylobacterium_frigidaeris	0	0	0	0	0	0	0	0	0	0	0	0	0	0	0	0	0	0	8.78E-05	0
Finegoldia_magna	0	0.000152281	0.072182595	0	0	0	0	0	0	0	0	0	6.82E-05	0.006016608	0	0.001717945	0	0	0	0.001169601
Corynebacterium_kroppenstedtii	7.78E-05	0.0080643	4.42E-05	2.66E-05	2.34E-05	0.013298785	0.03542212	0.001772611	0	0.001082639	1.73E-05	4.46E-05	2.77E-05	0.002005269	0.000401989	0.003929221	1.92E-05	0	0.001169164	0.000371602
Corynebacterium_tuscaniense	0	0.002467111	0	0.000269295	0.001270995	0	0	0	0	0.001521627	0	0	0	0.000761486	0	0.000657604	0	0	0.000338772	0.000625733
Rothia_mucilaginosa	0	0	0	0	0	0	0	0	0	0	0	0	0	0	0	0	0	0	0	0.000122221
Micrococcus_aloeverae	4.98E-05	0	0	0	0.030686981	0	0	0	0	0	0	0.000738597	0	0	0	0	0	0	0	0
Corynebacterium_macginleyi	0	0.002274093	0	0	0	0	0	0	0	0	0	0	0	0.000106341	0	0	0	0	0	0
Paracoccus_sphaerophysae	0.000445069	0	0.000950788	6.21E-05	0	0	0	0	0	0	0	0	0	2.63E-05	0	0.000425565	0	0	3.37E-05	0
Citrobacter_koseri	0	0	0	0	0	0	0	0	0	0.000681362	0	0	0	0	0	0	0	0	0	0
Methylocaldum_szegediense	0	0	0	0	0	0	0	0	0	0	0	0	0	0	0	0	0	0	0	0
Gordonia_sp_LAM0048	0	0	0	0	0	0	0	0	0	0	0	0	0	0	0	0	0	0	0.000174636	0
Streptococcus_agalactiae	0	0	0	0	0	0	0	0	0	0	0	0	0	0	0	0	0	0	0	0
Paracoccus_chinensis	0	0	0	0	0	0	0	0.000417026	0	0	0	0	0	0	0	0	0	0	0.00030449	6.50E-05
Gardnerella_vaginalis	0	0	0	0.000523574	0	0	0	0	0	0	0	0	0	0	0	0	0	0	0	0
Ralstonia_sp_GV074	0	0	0	0	0	0.000135563	0	0	0	0	0	0	0	0	0	0	0	0	0	0
Micrococcus_sp_R8502A1	0	0	0	0	0.007360767	0	0	0	0	0	0	0	0	0	0	0	0	0	0	0
Sphingomonas_desiccabilis	0	0.000140446	0	0	0	0	0	0	0	0	0	0	0	0	0	0	0	0	0	0.000105028
Bradyrhizobium_sp_MOS004	0.000832392	0.000217531	0.002897288	0.000184969	0.00099769	0.006276254	0.000532793	0.00012009	0.00020161	0.001149846	0.001160506	0.004880051	0.001700745	2.41E-05	0.002107525	0.001701314	0.000546993	0.000576264	0.000130553	5.12E-05
Brachybacterium_sp_SGAir0954	0.002062199	0	0	0	0	4.58E-05	5.70E-05	0.011812401	0	0	0	2.16E-05	0	0	0	0	0	0	0	0
Bradyrhizobium_sp_MOS003	0	0	0	2.57E-05	0	0	0	0	0	0	0	0	0	0	0	0	0	0	0	0
Brevundimonas_subvibrioides	0	0	0	0	0	0	0	0	0	0	0	0	0	0	0	0	0	0	5.80E-05	0
Blastococcus_sp_DSM_46838	0	0	0	0	0	0	0	0	0	0	0	0	0	0	0	0	0	0	0.000113274	0
Methylobacterium_tarhaniae	0	0	0	0	0	0	0	0	0	0	0	0	0	0	0	0	0	0	4.95E-05	0
Aquamicrobium_aerolatum	0	0	0	0	0	0.005986391	0	0	0	0	0	0	0	0	0.000430963	0	0	0	0	0
Sphingomonas_sp_Ag1	0	0.000141086	0	0	0	0	0	0	0	0	0	0	0	0	0	0	0	0	0	8.93E-05
Brevibacterium_yomogidense	0	0	0	0	0	0	0	0	0	0	0	0	0	0	0	0	0	0	3.14E-05	0
Tsukamurella_paurometabola	0	0	0	0	0	0	0	0	0	0	0	0	0	0	0	0	0	0	0	2.00E-05
Dermabacter_hominis	0	0	0	0	0.000779882	0	0	0	0	0.000929812	0	0	1.41E-05	0.000475148	0	0	0	0	0	0
Mesorhizobium_sp_UASWS1009	0	0	0	0	0	0	0	0	0	0	0	0	0	0	0.00027222	0	0	0	0	0
Methylobacterium_sp_Leaf125	0	0	0	0.000144759	0	0	0	0	0	0	0	0	0	0	0	0	0	0	0.000950875	0
Sphingobium_yanoikuyae	0	0	0	0	0	0	0	0	0	0	0	0	0	0	0	0	0	0	0	2.91E-05
Diaphorobacter_sp_J5_51	0	0	0	1.57E-05	0	0	0	0	0	0	0	0	0	0	0	0	0	0	0	0
Pseudomonas_stutzeri	1.27E-05	0.000679342	0.00049967	3.52E-05	0.00042246	0	0	0	0	0.000623572	0.000430166	0	0	0	0.000356506	0.000117782	0	0.000273473	0	6.73E-05
Corynebacterium_urinapleomorphum	2.63E-05	0.002483247	1.07E-05	0	0.000284372	3.44E-05	0	0.001393433	0	0.000727934	0	0	5.27E-05	0.001815261	0.000371555	0	1.72E-05	3.57E-05	0.013124386	1.31E-05
Rubrimonas_cliftonensis	0	0	0	0	0	0	0	0	0	0	0	0	0	0	0.000108405	0	0	0	0	0
Dermacoccus_sp_PE3	0	0	0	0	0	0	0	0	0	0.001913847	0	0	0	0	0.00770011	0	0.00043535	0.001500009	0.000217674	0
Vibrio_parahaemolyticus	0	0	0	6.65E-05	0	0.009775908	0	0	0	0	0	0	0	0	0.000437707	0.000249304	0.000821988	0	0	0
Brevibacterium_aurantiacum	0	0.000232074	0	1.52E-05	0	0	0	0	0	0	0	0	0	0	0	0	0	0	0.000554674	0
Cutibacterium_avidum	0.000259679	0.003248161	0.063640238	4.16E-05	0.003640507	0.000704503	0.002954257	0.008506079	0.147279281	0.001448306	0	0.00062611	0.00020211	0.009267104	0.000660592	0.00219578	0.004427797	0	0.002262625	0.000710619
Porphyromonas_gingivalis	0.000117391	5.18E-05	8.26E-05	1.27E-05	3.37E-05	0.000484076	2.28E-05	5.02E-05	1.78E-05	8.23E-05	0.000505314	0.000381377	6.00E-05	1.55E-05	0.000387466	3.57E-05	6.08E-05	7.08E-05	4.15E-05	0
Pseudomonas_indoloxydans	0	0	0	0	0	0	0	0	0	0	0	0	0	0	0	0	0	0	0	0
Dermabacter_vaginalis	0	0	0	0	0	0	0	0	0	0	0	0	0	2.39E-05	0	0	0	0	0	0
Aliidiomarina_shirensis	0	0	0	0	0	0	0	0	0	0	0	0	0	0	0	0	0.000427987	0	0	0
Brevibacterium_luteolum	0	0.000134777	0	0	0	0	0	0	0	0	0	0	0	0	0	0	0	0.002102558	0.000193255	0
Nitrincola_schmidtii	0.000785896	0.000298684	0.004177885	0	0.000507568	0	0.000212084	2.36E-05	0	0.001639616	0.000437198	0.004093681	0	0.000162193	0.003863569	0.001445802	0.00250108	1.20E-05	0.00023004	5.06E-05
Deinococcus_sp_FeSDHB5_19	0	0	0	0	0	0	0	0	0	0	0	0	0	0	0.004977075	0	0	0	0	0
Pseudomonas_sp_MPR_R2A5	0	0	0	3.55E-05	0	0.001615248	0	0	0	0	0	0	0	0	0	0	0	0	0	0
Aggregatibacter_sp_oral_taxon_458_str_W10330	0	0	0	0	0	0	0	0	0	0	0	0	0	0	0.001720213	0	0	0	0	0
Dermabacter_jinjuensis	0	0	0	0	0	0	0	0	0	0	0	0	0	3.94E-05	0	0	0	0	0	0
Dermacoccus_sp_147Ba	0	0	0	0	0	0	0	0	0	0.001173944	0	0	0	0	0.010392628	0	1.07E-05	0.001212954	0.000115045	0
Mycolicibacterium_iranicum	0	6.38E-05	0.000576349	0.000208666	0.000259261	2.27E-05	8.34E-05	0	5.32E-05	0.004322657	0.002513154	0.001117286	0	3.21E-05	0.000600797	0	8.33E-05	8.67E-05	0.001596593	1.15E-05
Sphingomonas_sp_CCH5_D11	0	0	0	0	0	0	0	0	0	0	0	0	0	0	0	0	0	0	0.000259851	0.000195374
Pseudomonas_sp_ML96	0	0.000424604	0	0	0	0	0	0	0	0	0	0	0	0	0	0	0	0	0	0
Novosphingobium_panipatense	0	0.000129068	0	0	0	0	0	0	0	0	0	0.000457607	0	0	0	0	0	0	0	0
Salinivibrio_sp_YCSC6	0	0	0	0	0	0	0	0	0	0.006201148	0.003640412	0.041758686	0.015248837	0.000193695	0.006915415	0	0.00429971	0	0.000563138	5.79E-05
Corynebacterium_appendicis	1.59E-05	0.001202897	0.000773513	0	0.00212457	4.27E-05	0	0.000265853	0	0.001487519	0	0.00175433	0.001361631	0.001383653	0.000244527	0	0	0.00041291	0.004975001	4.18E-05
Chryseobacterium_sp_F5649	0	0	0	0.000936129	0	0	0	0	0	0	0	0	0	0	0	0	0	0	0	0
Chryseobacterium_sp_H6466	0	0	0	0.000461926	0	0	0	0	0	0	0	0	0	0	0	0	0	0	0	0.000331942
Corynebacterium_imitans	0	0	0	0	0	0	0	0	0	0	0	0	0	0	0	0	0	0	0.000725192	0
Pseudoglutamicibacter_cumminsii	0	0	0	0	0	0	0	0	0	0	0	0	0	0	0	0	0	0	0.00016657	0
Klebsiella_pneumoniae	0	0.000113364	0	0	0.002445519	0	0	0	0	0	0	0	7.71E-05	0.005023832	0	0.000106789	0.000414621	0.000319095	0	0
Anaerococcus_provencensis	0	0.003325107	0.007863559	0	0	0	0	0	0	0	0	0	0	0	0	0	0	0	0	0
Streptococcus_varani	0	0	0	0.000211055	0.005873598	0.000283403	0.00373292	0.002050263	0.000422447	0.010388378	0.002520298	0.016885171	0.021935324	2.38E-05	0.002765611	0.002870731	0.006172124	0.003407411	0.000478087	0.000159971
Herbaspirillum_sp_SJZ107	0	0	0	0	0	0	0	0	0	0	0	0	0	0	0	6.83E-05	0	0	0	0
Bacillus_subtilis	0.000102914	8.06E-05	0.000210134	7.98E-05	5.78E-05	0.000544579	3.49E-05	7.40E-05	3.28E-05	0.000142964	0.000100511	0.000570565	9.23E-05	2.34E-05	0.000233704	5.87E-05	0.000108427	0.000101583	6.37E-05	1.57E-05
Brevundimonas_sp_SGAir0440	0	0	0	0	0	0	0	0	0	0	0	0	0	0	0	0	0	0	0.000298279	0
Alishewanella_jeotgali	0	0	0	0	0	0	0	0	0	0	0	0	0	0	0.002335879	0	0	0	0	0
Lactobacillus_delbrueckii	0	0	0	0	0	0	0	0	0	0	0	0.058224457	0	0	0	0	0	0	0	0
Pseudonocardia_sp_P2	0	0	0	0	0	0	0	0	0	0	0	0	0	0	0	0	0	0	0	2.30E-05
Corynebacterium_sp_HMSC04H06	0	0	0	0	0	0	0	0	0	0	0	0	0	0.000160185	0	0	0	0	0.000146054	0
Dolosigranulum_pigrum	0	0.000330984	0.014518416	0	0	0	0	0	0	0.002666068	0	0.006010334	0	0.000349702	0	0	0.004244838	0.003304599	0	0
Corynebacterium_sp_HMSC05C01	0	0	0	0	0	0	0	0	0	0.000139936	0	0	0	0.000921582	0	0	0	0	0	0
Lactococcus_lactis	0	0	0	0	0	0	0	0	0	0	0	0	0	0	0	0	0	0	0	0
Brachybacterium_sp_sponge	0	0	0	0	0	0	0	0	0	0.001725737	0	0	0	0	0	0	0	0	0.000282686	8.18E-05
Enterococcus_faecalis	0	0	0	0	0	0	0	0	0	0	0	0	0	0	0	0	0	0	4.19E-05	0
Arcanobacterium_urinimassiliense	0	0	0	0	0	0	0	0	0	0	0	0	0	0	0	0	0	0	0	8.73E-05
Corynebacterium_amycolatum	0	0	0	0	0.000813814	0	0	0	0	0	0	0	0	0	0	0	0	0	0	0
Actinomycetospora_succinea	0	0	0	0	0	0	0	0	0	0.000270725	0	0	0	0	0	0	0	0	0	0
Microbacterium_sp_LCT_H2	0	9.85E-05	0	0	0	0	0	0	0	0	0	0	0	0	0	0	0	0	0.00016802	0
Bosea_vaviloviae	0	0	0	0	0	0	0	0	0	0	0	0	0	0	0	0.000186824	0	0	0	0
Corynebacterium_aurimucosum	0.001668412	0.026232929	0.00987099	0.011681619	0.009673505	0.014719809	0.056134974	0.086249293	0.005013949	0.022572783	7.80E-05	0.000969206	0.018548523	0.019187361	0.005427562	0.016633503	0.008127041	0.018427447	0.014723132	0.013483147
Oceanospirillum_linum	0	0	0	0.000155181	0	0	0	0	0	0	0	0	0.00285798	9.82E-05	0.007374151	0	0	0	0.000347193	0.000194428
Paracoccus_salipaludis	0	0.000527514	0	1.82E-05	0	0	0	0.000740787	4.41E-05	0.003111346	0	0	0	0	0.001422388	0	0	0.001698333	0.000795939	0.000605071
Blastococcus_sp_CCUG_61487	0	0	0	0	0	0	0	0	0	0	0	0	0	0	0	0	0	0	0.000117769	0
Pseudomonas_sp_RD25	0	0	0	0	0	0	0	0	0	0	0	0	0	1.45E-05	0	0	0	0	0	0
Sphingomonas_sp_S_NIH_Pt15_0812	0	0	0	0	0	0	0	0	0	0	0	0	0	0	0	0	0	0	0	2.74E-05
Gordonia_sp_UCD_TK1	0	0.00074349	0	0	0	0	0	0	0	0.002678042	0	0	0	0	0	0	1.59E-05	1.77E-05	0.00670219	0
Corynebacterium_glaucum	0	0	0	0	0	0	0	0	0	0	0	0	0	1.35E-05	0	0	0	0	0	0
Corynebacterium_coyleae	4.94E-05	0.005980874	0	0	0	0	0	0	0	0	0	0	0	0	0	0	0	0	0.001233651	0
Gordonia_lacunae	0	0	0	0	0	0	0	0	0	0	0	0	0	0	0	0	0	0	6.94E-05	0
Bradyrhizobium_shewense	0	0	0	0	0	0	0	0	0	0	0.000431074	0	0	0	0	0	0	0	0	0
Pseudoxanthomonas_suwonensis	1.09E-05	0.000125577	1.78E-05	5.22E-05	0	3.28E-05	3.04E-05	0	0	0	0	3.75E-05	0	0	0.000134463	1.62E-05	1.48E-05	0	0	0
Corynebacterium_timonense	0	0	0	0	0	0	0	0	0	0	0	0	0	0.000804783	0	0	0	0	0	0
Aureimonas_altamirensis	0	0	0	0	0.000805507	0	0	0	0	0	0	0	0	0	0	0	0	0	0.00010404	2.61E-05
Acinetobacter_marinus	0	0	0	0	0	0.000208459	0.003402954	8.13E-05	0	0	0	0	0	0	0	0	0	0	0	0
Mycolicibacterium_vaccae	0	0	0	0	0	0	0	0	0	0	0	0	0	0	0	0	0	0	1.10E-05	0
Alkanindiges_illinoisensis	0	0.000380534	0	0	0	0	0	0	0	0	0	0	0	0	0.002506987	0	0	0	0.000237133	0
Sphingopyxis_macrogoltabida	0	0	0	0	0	0	0	0.000123151	0	0	0	0	0	0	0	0	0	0	0	0
Sphingomonas_sanguinis	0	0	0.000588785	0	0	0	0	0	0	0	0	0	0	0	0	0	0	0	0	0
Gordonia_aichiensis	0	0	0	0	0	0	0	0	0	0	0	0	0	0	0.000266862	0	0	0	0	0
Methylobacterium_sp_Leaf104	0	0	0	0	0	0	0	0	0	0	0	0	0	0	0	0	0	0	0.000125612	0
Lelliottia_amnigena	0.000735278	0	0.001932694	0	0	0	0	0	0	0	0	0	0	0	0	0.001378654	5.22E-05	0	0.000140177	3.55E-05
Janibacter_sp_Soil728	0	9.70E-05	0	0	0	0	0	0	0	0	0	0	0	0	0	0	0	0	0	0
Comamonas_aquatica	0	0.000248368	0	0	0	0	0	0	0	0	0	0	0	0	0	0	0	0	0	0
Gulosibacter_sp_Marseille_P7157	0	0	0	0	0	0	0	0	0	0	0	0	0	0	0	0	0	0	0	2.93E-05
Acinetobacter_ursingii	7.15E-05	0.014316335	0	0	0	0	0	0	0	0	0	0	0	0	0	0	0	0	0.000562438	0
Acinetobacter_schindleri	0.000220475	0.038574426	0	0	0	0	0	0	0	0	0	0	0	0	0	0	0	0	0.001034228	0
Propionibacterium_namnetense	0	0	0	0	0	0	0	0	0	0	0	0	0	0	0	0	0	0	0	0.000442962
Chryseobacterium_haifense	1.48E-05	1.05E-05	0	0	1.26E-05	8.84E-05	0	0	0	0	0	0	0	0	5.80E-05	1.20E-05	1.76E-05	0	1.09E-05	0
Paracoccus_sp_JC_501	0	1.18E-05	0.001812069	0.000214379	0.000702188	3.40E-05	0	0	7.59E-05	0.005876127	0	3.54E-05	0	0	0.00363847	0	0	0	0.000422615	0.001352811
Bosea_sp_DSM_18164	0	0	0	0	0	0	0	0	0	0	0.000321354	0	0	0	0	0	0	0	0	0
Salinivibrio_sharmensis	0	0	0.002692856	0	0	0	0	0	0	0	0	0	0	0	0	0	0	0	0	0
Tardiphaga_robiniae	0.000729006	0	0	0	0	0	0	0	0	0	0	0	0	0	0	0	0	0	0	0
Selenomonas_sp_CM52	0	0	0	0	0	0	0	0	0	0	0.000548996	0	0	0	0	0	0	0	0	0
Janthinobacterium_sp_TND4EL3	0	0	0	0	0	0	0	0	7.77E-05	0	0	0	0	0	0	0	0	0	0	0
Lactobacillus_amylovorus	0	0	0	0	0	0	0	0	0	0	0	0	0	4.33E-05	0	0	0	0	0	0
Lactobacillus_aviarius	0	0	0	0	0	0	0	0	0	0	0	0	0	0.000103563	0	0	0	0	0	0
Corynebacterium_lubricantis	0	0	0	0	0	0	0	0	0	0	0	0	0	0	0	0	0	0	4.36E-05	0
Pseudomonas_sp_GP01_A5	0	0	0	0	0	0	0	0	0	0	0	0	0	0.002185824	0	0	0	0	0	0
Calidifontibacter_indicus	0.000228442	0	0	0	0	1.92E-05	1.17E-05	0.002017258	8.92E-05	0.002055143	0	0	0	0	0.000134018	0	0.000279417	0	0.00011835	0
Helicobacter_pylori	0.000142631	8.72E-05	0.000127046	0.000498912	3.63E-05	0.000748412	5.19E-05	8.15E-05	2.28E-05	0.002360576	8.10E-05	0.000366038	0.000203274	1.86E-05	0.000245738	0.001673716	0.003344345	6.66E-05	3.48E-05	0
Citricoccus_muralis	0	0	0	0	0	0	0	0.001006488	0	0	0	0	0	0	0	0	0	0	0	0
Bacteroides_helcogenes	0	0	0	0	0	0	0	0	0	0.001057778	0	0	0	0	0	0	0	0	0	0
Blastococcus_sp_DSM_44268	0	0	0	0	0	0	0	0	0	0	0	0	0	0	0	0	0	0	0.000358568	0
Tepidimonas_fonticaldi	0	0	0	0	0	0.004465127	0.000549025	1.41E-05	9.15E-05	0.000431714	0	0	0	0	0	0	0.000297938	0	0	0
Kocuria_palustris	0	0	0	0	0	0	0	0	0	0	0	0.001119008	0	0	0.001004675	0	0	0	0.000317671	0.000913541
Paracoccus_zhejiangensis	0	0	0	0	0	0	0	0	0	0	0	0	0	0	0	0	0	0	0	0
Mycobacterium_gordonae	0	0	0	0	0	0	0	0	0	0	0	0	0	0	0.000510649	0	0	0	0	0
Brachybacterium_nesterenkovii	0	0	0	0	0	0	0	0	0	0	0	0	0	0	0.000867775	0	0	0	0	0
Corynebacterium_propinquum	0	0	0.003409912	0	0	0	0	0	0	0	0	0	0	0	0	0	0	0	0	0
Corynebacterium_matruchotii	0	0	0	0	0	0	0	0	0	0.001154754	0.000794828	0	0	0	0.00052431	0	0	0	0	0
Diaphorobacter_sp_DS2	0	0	0	0	0	0	0	0	0	0	0	0	0	0	0	0	1.45E-05	0	0	0
Xanthobacter_autotrophicus	0	0	0	0	0	0	0	0	0	0	0	0	0	0	0.000527053	0	0	0	0	0
Comamonas_testosteroni	0	0	0	0	0	0	0	0	0	0	0	0	0	0	0	0	0	0	0	0
Pseudomonas_aeruginosa	0.000165872	0.000401378	5.13E-05	0.000152696	0.000133988	0.002687581	1.42E-05	0.000356141	0.000151689	0.000508487	0.000188258	0.000230974	2.17E-05	1.03E-05	0.002019513	0.000161388	0.00010029	3.17E-05	3.67E-05	3.03E-05
Rhizobium_rosettiformans	0	0.000315114	0	0	0	0	0	0	0	0	0	0	0	0	0	0	0	0	0	0
Salinivibrio_sp_IB574	0	0	0	0	0.003490364	0.051839744	0	0	0.001176784	0.001094316	0.003159842	0	0.007669188	0.000347435	0.00534589	0.002729696	0.006154602	0	0.000746856	0.000289249
Paracoccus_marinus	0	0	0	2.28E-05	0.001427276	4.04E-05	0.000237932	1.26E-05	0	0.002540632	0	0.001484511	1.74E-05	1.56E-05	0.034647818	1.20E-05	0.000232291	0.000126513	0.000134914	0.000259142
Corynebacterium_sp_KPL1818	0	0	0	0	0	0	0	0	0	0	0	0	0	0.000117582	0	0	0	0	0.000114106	0
Corynebacterium_accolens	0	0	0	0	0	0	0	0	0	0	0	0	0	0	0	0	0	0	0.000246445	0.000255171
Corynebacterium_afermentans	0	0	0	0	0	0	0	0	0	0.010088351	0	0.003460062	0	0	0	0	0	3.24E-05	0.009585155	0
Roseomonas_gilardii	0	0	0	0	0	0	0	0	0	0.000943392	0	0	0	0	0	0	0	0	0	0.000156882
Corynebacterium_genitalium	0	1.18E-05	0.001987525	0	0.002582846	0	0	0.002865446	0	0.006992794	0	0	0	2.44E-05	0	0	0	5.69E-05	0.011298267	8.14E-05
Corynebacterium_jeikeium	0	0	0	0	0	0	0	0.003272631	0.000260462	0.022575518	1.16E-05	0	0	0.000169882	0.000883021	0	0	0	0.001805144	0.000102007
Salinivibrio_sp_DV	0	0	0	0	0	0	0	0	0	0	0	0	0	0	0.001260127	0	0	0	0	6.02E-05
Oceanospirillum_multiglobuliferum	0.017343793	0.008866797	0.058740457	0.004803909	0.022608718	0.153255547	0.010595104	0.020034922	0.008002018	0.033676926	0.063280948	0.072129254	0.061366611	0.002367871	0.08619525	0.022667787	0.042230019	0.066548331	0.00502613	0.002672662
Corynebacterium_sp_YIM_101343	0	0	0	0	0	0	0	0	0	0	0	0	0	3.95E-05	0	0	0	0	0	0
Corynebacterium_sp_CMW7794	0	0	0	0	0	0	0	0	0	0	0	0	0	0	0	0	0	0	7.22E-05	0
Brachybacterium_paraconglomeratum	0	0	0	0	0	0	0	0	0	0	0	0	0	0	0	0	0	0	0	4.83E-05
Dietzia_timorensis	0	0	0	0	0	0	0	0	0	0	0	0	0	0	0.000893902	0	0	0	0	0
Aquabacterium_commune	0	0	0	9.22E-05	0	0	0	0	0	0	0	0	0	0	0	0	0.000198399	0	0.00034597	0
Alishewanella_aestuarii	0.001285495	0	0	0.000188261	0	0.000107869	0.001797481	0	0	0	0.004568211	0	0	1.01E-05	0.0068846	0	0	0	0	0
Rahnella_sp_ERMR1_05	0	0	0	0	0	0	0	0	0	0	0	0	0	0	0.000209958	0.000196567	0	0	0	0
Tardiphaga_sp_YR296	0.00015056	9.86E-05	0	0	0	0	0	0	0	0	0.000919712	0	0	0	0	0	0	0	0	0
Amycolatopsis_palatopharyngis	0	5.27E-05	0.000326933	0	0	0	0	0	0	0.000486079	0	0.001237014	0	0	0.000272508	0	0	0	4.24E-05	0
Polynucleobacter_difficilis	0	0	0	0	0	0	0	0	0	0	0	0	0	0	0	0	0	0	0	2.86E-05
Albimonas_pacifica	0	0	0	0	0	0	0	0	0	0	0	0	0	0	0	0	0	0	0	1.22E-05
Atopobium_vaginae	0	0	0	0	0	0	0	0	0.001556824	0	0	0	0	0	0	0	0	0	0	0
Acidovorax_sp_RAC01	0	0	0	0	0	0	0	0	0	0.000531904	0.000940038	0	0	0	0.000466732	0	0	0	0	0
Paracoccus_yeei	0	0.000426847	0	5.47E-05	0	0	0	0	0	0.001131463	0	0	0	0	0.006858418	0	0	0.000886046	0.0003523	0.000207956
Ensifer_sp_ZNC0028	0	0	0	0	6.26E-05	0	0	0	0	0	0	0	0	0	0	0	0	0	0	0
Bosea_sp_WAO	0	0	0	0	0	0	0	0	0	0	0	0	0	0	0	0	0	0	0	0
Sphingomonas_sp_WZY_27	0	0	0	0	0	0	0	0	0	0	0	0	0	0	0	0	0	0	0	7.26E-05
Clostridium_beijerinckii	0.000110202	5.08E-05	0	1.45E-05	0	0.000443869	2.89E-05	6.49E-05	0	0.000120291	0	0	0	2.18E-05	0.000134486	3.89E-05	9.00E-05	0	0	0
Bacillus_coagulans	0	0	0	0	0	0	0	0	0	0	0	0	0	4.05E-05	0	0	0	0	0	0
Bacillus_cereus	0	0	0	0	0	0	0	0	0	0	0	0	0	0	0	0	0	0	0	0
Brevibacterium_ihuae	0	9.77E-05	0	0	0	0	0	0.001806528	0	0.000313089	0	0	0	0	0.000138299	0	0	0	0.000131929	0.000122188
Pseudomonas_mendocina	0	0.000156135	0	0	1.35E-05	0	0	0	0	0	0	2.30E-05	0	0	7.22E-05	0	0	0	0	0
Pseudomonas_oleovorans	6.74E-05	0.000304132	0.000716359	0.000110637	0	0.00054859	0	7.00E-05	0	0.000175278	0	0.000556444	8.22E-05	3.95E-05	0.000401006	0.000136051	0.000126411	9.65E-05	5.82E-05	0
Pseudomonas_putida	0	0	0.000359567	0	0	0	0	0	0	0	0	0	0	0	0	0	0	0	0	0
Xanthomonadaceae_bacterium_P	0	0	0	1.98E-05	0	0	0	0	0	0	0	0	0	0	0	0	0	0	0	0
Paracoccus_siganidrum	0	0	0	0	0	0	0	0	0	0	0	0	0	0	0	0	0	0	0	0
Cedecea_davisae	0	0	0	0	0	0	0	0.000353855	0	0	0	0	0	1.18E-05	0.000337717	0	0	0	0	3.06E-05
Paraburkholderia_tropica	0.000331119	0	0	5.65E-05	0.000107761	0	0	0	0.000166964	0.000275775	0.000764942	0.000784422	0	1.53E-05	0	4.77E-05	0.000541078	0.001550068	2.48E-05	0
Sphingomonas_laterariae	0	0	0	0	0	0	0	0	0	0	0	1.58E-05	0	0	0	0	0	0	0	0
Diaphorobacter_sp_LR2014_1	0	0	0	0	0	0	5.51E-05	0	0	0	0	0	0	0	0	2.18E-05	1.94E-05	0	0	0
Corynebacterium_tuberculostearicum	0.003277745	0.001850574	0.004324969	0.015396289	0.009851182	0.000629086	0.003666112	0.005761937	0.001249965	0.03054191	4.43E-05	0.011957066	0.000506085	0.027444775	0.00781091	0.029387316	0.015717763	0.011325998	0.007011799	0.029191473
Corynebacterium_pseudogenitalium	0.005720971	0.001254835	0.018137595	0.013485641	0.007172468	0.000792174	0.005573343	0.00213342	0.000629182	0.049093816	7.43E-05	0.000482273	0.000552699	0.030332442	0.005619521	0.034230206	0.013449208	0.024263318	0.008464372	0.035680541
Corynebacterium_mycetoides	0	0.00076137	0	0	0	0	0	0	0	0	0	0	0	0	0	0	0	0	0	0
Bacillales_bacterium	0	0	0	1.01E-05	0	0	0	0	0	0	0	0	0	0	0	0	0	0	0	0
Enterococcus_dispar	0.006323077	0	0.020027645	0	0.011530364	0.068495084	0.006608992	0.009491738	0	0.023497022	0.023439733	0.017876255	0.01273869	0.00141234	0.038529355	0.015141614	0.011998055	0.025344227	0.002608406	0
Enterococcus_cecorum	0.003155312	0	0	0.00013599	1.93E-05	0	0.001685926	0.001876051	0	0.003711066	0.003487306	0.050296209	0.007856431	0.000130183	0.003975217	0.003596387	0.00258	0.003420676	0.000716298	0.000142207
Corynebacterium_frankenforstense	0	0	0	0	0	0	0	0	0	0	0	0	0	0	0	0	0	0	7.92E-05	0
Gordonia_jacobaea	0	0	0	0	0	0	0	0	0	0	0.000326709	0	0	0	0	9.37E-05	0	0	0	0
Corynebacterium_kefirresidentii	0.001436962	0.006070677	0.00481247	0.002415329	0.008829718	0.000808457	0.005213442	0.110972137	0.000853916	0.01201808	0	0.005256117	0.007229788	0.010802788	0.00424184	0.005635394	0.002971972	0.023765923	0.02333386	0.008588209
Sphingomonas_sp_CF311	0	0	0	0	0	0	0	0	0	0	0	0	0	0	0	0	0	0	1.77E-05	0
Primorskyibacter_sp_SS33	0	0	0	0	0	0	0	0	0	0	0	0	0	0	0	0	0	0	0	0
Sphingomonas_sp_OV641	0	0	0	0	0	0	0	0	0	0	0	0	0	0	0	0	0	0	0.00019392	7.38E-05
Brevibacterium_sp_S111	0	0	0	0	0	0	0	0	0	0	0	0	0	0	0	0	0	0	0	1.12E-05
Dermacoccus_sp_CCH2_D9	0	0	0	0	0	0	0	0	0	0	0	0	0	0	0.006569231	0	0	0	0	0
Corynebacterium_sp_HMSC05H05	1.14E-05	0	0	0	0.002454871	0	0.00050368	0	0.000829209	0.022766265	0	0	0	9.51E-05	0	0	0	0	0.007698638	0.000206351
Rothia_sp_ND6WE1A	0	0	0	0	0	0	0	0	0	0	0	0	0	0	0	0	0	0	0	0.000330587
Nocardia_farcinica	0	0.00067511	0	0.000196694	0	0	0	0	0	0	0	0	0	0	0	0	0	3.33E-05	0.007468373	0
Acetobacteraceae_bacterium_DB1506	0	0	0	0	0	0	0	0	0	0	0	0	0	0	0	0	0	0	9.67E-05	1.69E-05
Acidovorax_sp_JS42	4.88E-05	0	0.00082738	2.76E-05	0	0.000329615	0	0.000130067	8.52E-05	0	0	0.001263868	4.47E-05	0	0.000280104	2.13E-05	2.73E-05	5.73E-05	2.88E-05	1.23E-05
Corynebacterium_cystitidis	0	0	0	0	0	0	0	0.002115093	0	0	0	0	0	0	0	0	0	0	0	0
Corynebacterium_bouchesdurhonense	1.36E-05	0.001603612	0	0.000209078	0	0.000114967	0.000146793	0.028962107	0	0.002937267	0	0	0	0.000215702	0	0	0	0	0.000524729	0
Escherichia_coli	0	0.001381229	0.023855646	0.00085354	0	0	0.00489417	0.006457264	0.001404526	0	0.003048519	0.018329557	0.004568227	0	0.004417472	0.002472659	0.002866414	0.012450352	0.000904118	0.000122867
Lactobacillus_gasseri	0.000143683	0.000108679	0.000187341	2.41E-05	2.51E-05	0.000494585	3.55E-05	6.94E-05	2.06E-05	0.000114447	9.89E-05	0.000543513	0	2.71E-05	0.000168501	4.23E-05	0.00011505	9.75E-05	3.45E-05	1.46E-05
Anaerococcus_octavius	6.85E-05	0.009135074	0.000417474	0.010033138	0.008763777	0.00117813	0.018114654	0.008953365	0.004369705	0	0	0	0.000339849	0.020916041	0.000291771	0.022836886	0.066643057	0.000171065	0	0.002159122
Bordetella_trematum	0.000329515	0.000215571	0	3.07E-05	0	0	0	0	0	0	0	0	0	0	0.000252941	0	0	0	0	0
Brachybacterium_sp_HMSC06H03	0	0	0	0	0	0	0.000312811	0.005830978	0	0	0	0	0	0	0	0	0	0	0	9.92E-05
Staphylococcus_petrasii	0	0	0	0	0	0	0	4.28E-05	0.009407378	0	0	0	0	0	0	0	0	0	0	0
Tepidimonas_taiwanensis	0	0	0	0	0	0	0	0	3.64E-05	0	0	0	0	0	0.001196739	0	0	0	0	0
Luteimonas_huabeiensis	0	0	0	0	0.000138443	0	0	0	0	0	0	0	0	0	0	0	0	0	0	0
Propionibacterium_sp_Marseille_P5998	0	0	0	0	0	0	0	0	0	0	0	0	0	0.000971837	0.042461194	0	0.017590734	0	0	0
Rothia_kristinae	0	0	0	0	0	0	0	0	0	0	0	0	0	0	0.003065672	0	0	5.19E-05	0	0
Brevundimonas_sp_357	0	0	1.41E-05	0	0	0	0	0	0	7.14E-05	0	0	0	0	0	0	0	0	0	0
Cutibacterium_acnes	0.010204073	0	0.195793131	0	0.148325891	0.116599921	0	0.033789629	0.043280288	0.021676058	0	0.040661973	0	0.203335232	0.034927864	0.003656508	0.006345388	0.554955241	0.015702718	0
Enterococcus_devriesei	0.005829296	0.002422496	0.021057059	0.001544168	0.005890357	0.080734643	0.004649287	0.006571907	0.00144673	0.014061268	0.031182499	0.043281822	0.050381494	0.00050984	0.01858633	0.007134445	0.023306016	0.015817141	0.001158995	0.000787776
Comamonas_thiooxydans	0	0	0	0	0	0	0	0	0	0	0	0	0	0	0	0.000104418	0	0	0	0
Nesterenkonia_sp_F	0	0	0	0	0	0	0	0	0	0	0	0	0	0	0	0	0	0	0	2.67E-05
Brevibacterium_paucivorans	0	0	0	0	0.001441979	0	0	0	0	0	0	0	0	0	0	0	0	0	0	0
Moraxella_osloensis	0.037342307	0.032001394	0.007383478	0.000999345	0.005247983	0.005948665	0.075928874	0.043067952	0.004335947	0.025354206	0.014686937	0.162591906	0.000338657	0.001783242	0.059553488	0.008319289	0.009793601	0.027356827	0.013764535	0.017825284
Uruburuella_suis	0.022885908	0.013187267	0.111182513	0.006142123	0.033462023	0.196576014	0.029765114	0.019344334	0.007311376	0.062488321	0.081145864	0.209125301	0.084604327	0.003063547	0.100430758	0.033969873	0.061619218	0.071558008	0.008107216	0.003995003
Paracoccus_sp_SY	0	0	0	0	0	0	0	0	0	0	0	0	0	1.20E-05	0.00044806	0	0	0	0.000471373	0
Sphingomonas_sp_IBVSS2	0	0	0	0	0	0	0	0	0	0	0	0	0	0	0.000266498	0.000294376	0	0	0	0
Methylobacterium_sp_MB200	0.000396387	0	0	0	0.000202083	0	0	0	0	0	0.000205507	0	0	0	0.002653049	6.68E-05	0	0.000164385	0.000141216	4.12E-05
Paracoccus_sediminis	0	0	0	0	0	0	0	0	0	0	0	0	0	0	0	0	0	0	0	0
Deinococcus_radiodurans	5.91E-05	3.43E-05	5.88E-05	0	1.35E-05	0.000272691	1.24E-05	3.10E-05	0	4.28E-05	3.89E-05	0.000240179	2.88E-05	0	7.38E-05	1.79E-05	3.59E-05	3.61E-05	1.63E-05	0
Lysobacter_sp_N42	3.90E-05	3.64E-05	9.82E-05	7.61E-05	3.19E-05	0.000307845	1.79E-05	3.84E-05	1.25E-05	5.23E-05	4.30E-05	0.000242936	4.45E-05	1.22E-05	0.000119434	3.33E-05	5.76E-05	4.93E-05	6.17E-05	0
Aquimixticola_soesokkakensis	0	0	0	0	0	0	0	0	0	0.000493809	0	0	0	1.49E-05	0	0	0	0	0	0
Acinetobacter_sp_CIP_102129	0	0	0	3.26E-05	0	0	0	0	0	0	0	0	0	0	0.004282141	0	0	0	0	0
Prevotella_timonensis	0.00186224	0	0	0	0	0	0	0	0	0	0	0	0	0	0	0	0	0	0	0
Pseudomonas_sp_1_7	0	0	0	8.56E-05	0	0	0	0	0	0	0	0	0	0	0	0	0	0	0	0
Brevibacterium_mcbrellneri	0	0	0	0	0.000374261	0	0	0	0	0	0	0	0	0	0	0	0	0	0	0
Micromonospora_sp_HM5_17	0	0	0	0	0	0	0.000867075	0	0	0	0	0	0	8.32E-05	0	0	0	0	0	0
Neisseria_meningitidis	0	0	0	0	0	0	0	0	0	0	0	0	0	0	0	0	0	0	0	0
Actinomyces_massiliensis	0	0	0	4.26E-05	0	0	0	0	0	0	0	0	0	0	0.000464653	0	0	0	0	0
Dermacoccus_sp_Ellin185	0	0	0	0	0	0	0	0.003184217	0	0	0	0	0	0	0.005183352	0	0	0	0	0.000293201
Gordonia_sp_CNJ_863	0	0	0	0	0.000171713	0	0	0	0	0	0	0	0	0	0	0	0	0	0.000183627	0
Serratia_symbiotica	1.84E-05	2.96E-05	0.001049419	0.025552508	4.95E-05	0.000330085	0	1.36E-05	0	3.61E-05	0.000139692	0.000127371	1.68E-05	0	5.34E-05	1.07E-05	1.54E-05	2.34E-05	7.69E-05	0
Acinetobacter_baumannii	0.000231127	0.00949651	0.002292692	0	0.000575456	0.000725844	0.001014628	7.44E-05	2.88E-05	0	0	0.004296249	0	9.35E-05	0.00153364	5.07E-05	8.43E-05	0	0.004174849	0.000425722
Nocardioides_sp_BGMRC_2183	0	0	0	0	0	0	0	0	0	0	0	0	0	0	0	0	0	0	9.27E-05	0
Acinetobacter_sp_MDS7A	0	0	0	0	0	0	0.003448383	0.004117132	0	0	0	0	0	0	0	0	0	0	0	0
Ewingella_americana	0	0	0	0	0	0	0	0	0	9.96E-05	0	0	0	0	0.000490534	0.000210627	0	0	0	0
Enterococcus_viikkiensis	0	0	0	0	1.74E-05	0	0	0	0	0.001468101	0	0.000155043	0	0	0.001097607	0.000398263	0	0	0.000154922	7.07E-05
Alishewanella_agri	0	0.002859504	0.000102554	0.000885861	0	0	0	0	0	0	0	0	0	0	0.00690056	0	0	0	0	0
