unique_name	Home_car_KC05BgC-1	Home_car_KC05T2C-1	Home_car_KC05T3C-1	Home_car_KC06BgP-1	Home_car_KC06T1P-1	Home_car_KC06T2P-1	Home_car_KC06T3P-1	Home_car_KCT0P-1	Home_car_SMM-2-3	Home_car_SY-41	Home_car_WJM-I	Home_car_WX-9	Underarm_1	Underarm_10	Underarm_11	Underarm_12	Underarm_13	Underarm_14	Underarm_15	Underarm_16	Underarm_17	Underarm_18	Underarm_19	Underarm_2	Underarm_20	Underarm_3	Underarm_4	Underarm_5	Underarm_6	Underarm_7	Underarm_8	Underarm_9
Malassezia_restricta	3.945636814	4.491449447	4.167503564	2.191896969	1.797367023	2.327133464	2.205689551	3.135786897	2.677110684	1.257909551	2.466441156	0.512458319	2.411156361	3.587362856	3.048469391	3.725082535	2.996924873	2.242410559	3.399593028	3.490472891	2.275770712	3.789245815	2.380196774	2.65006359	2.436060865	3.094569892	2.259224428	2.766610554	1.884872444	2.993889323	2.760998853	2.176637789
Malassezia_globosa	3.120945067	3.091559422	3.381492246	1.514713336	1.290584753	1.935798803	1.723334674	2.457064406	2.396230655	0.945852692	1.866808426	-0.028381604	1.050744183	2.846555714	2.607289506	3.250671069	2.899986701	2.486002926	3.664938618	2.023154802	2.645173411	3.118230663	2.99457096	2.939416787	2.858364765	3.321120009	3.070244618	3.345968199	3.258424453	3.460786622	3.384966728	1.394597474
Alternaria_alternata	3.20095853	2.732168752	3.575042544	3.239658022	3.263781776	3.666413872	3.301493846	3.153524259	2.320897917	1.104419345	2.291939054	0	0	0	0	0	0	0	0	0	0	0	0	0	0	0	0.755313217	0	0	0	0.061906252	0
Aureobasidium_pullulans	2.169815127	0	2.82727887	2.995636335	3.376932737	3.433501682	2.881261272	2.053635587	1.727101965	0.75566574	0.61291281	0	0	0	0	0	0	0	0	0	0	0	0	0	0	0	0	0	0	0	0	0
Candida_tropicalis	0	0	0	1.281984073	0	0	0	0	0	0	0	0	0	0	0	3.460219871	2.029688106	1.622624459	2.57011107	2.633282572	2.516955344	0	0	2.452378134	1.631614983	0	0	2.325144905	0	0	0	0
Alternaria_arborescens	2.494795965	2.348486476	2.916047785	2.512086365	2.549270032	2.940251532	2.544870981	2.527319554	1.650870551	0.561017812	1.388723972	0	0	0	0	0	0	0	0	0	0	0	0	0	0	0	0	0	0	0	0	0
Wallemia_mellicola	2.295592353	0	0	2.006537073	0	1.996768008	0	3.091647647	0	0	0	0	0	3.049588266	0	0	0	0	0	0	0	0	0	0	0	0	0	0	0	0	0	0
Botrytis_cinerea	2.104074627	0	1.700728627	1.296931167	1.014009877	2.167192844	1.168100517	2.887646602	0	0	1.223084455	0	0	0	0	0	0	0	0	0	0	0	0	0	0	0	0	0	0	0	0	0
Saccharomyces_cerevisiae	1.920581238	0	1.971381292	2.129452311	1.966392158	2.330653552	2.337505017	0	0	0	2.444868607	0.311244963	0	0	0	0	0	0	0	0	0	0	0	0	0	0	0	0	0	0	0	0
Candida_orthopsilosis	0	0	0	0	0	0	0	0	0	0.732273457	0	0	3.037347954	0	0	0	0	0	0	0	0	0	0	0	0	0	0	0	0	0	0	0
Fusarium_fujikuroi	2.123965656	0.921760749	2.503738425	1.179058899	0	2.44976034	0.661901343	2.493910982	0.514101119	0.113549169	0	0	0	0	0	0	0	0	0	0	0	0	0	0	0	0	0	0	0	0	0	0
Aureobasidium_namibiae	1.65254622	0	1.558848224	1.893593235	2.441784805	2.437132386	1.801497642	1.222971686	0.539368113	0	0	0	0	0	0	0	0	0	0	0	0	0	0	0	0	0	0	0	0	0	0	0
Malassezia_sympodialis	1.093997421	0	0	0	0	0	0	0	0	0	0	0	0	2.716118787	0	0	0	0.483175295	0	0	0	0	0	0	0	0	0	0	0	0	0	0
Debaryomyces_hansenii	1.82698434	0	0	2.029342013	1.581063957	1.9950249	1.413676109	0	0	2.174724759	1.619391042	0	0	0	0	0	0	0	0	0	0	0	0	0	0	0	0	0	0	0	0	0
Coniosporium_apollinis	1.824288366	0	1.758389658	1.904269242	1.914667784	1.976136309	2.078611298	0	0	0	0	0	0	0	0	0	0	0	0	0	0	0	0	0	0	0	0	0	0	0	0	0
Fusarium_verticillioides	2.44978178	0	1.691650065	1.533302576	0.871041201	1.696595644	0.920466114	1.119704881	0	0.401941616	0	0	0	0	0	0	0	0	0	0	0	0	0	0	0	0	0	0	0	0	0	0
Penicillium_digitatum	1.91903754	0	1.577089511	1.131646962	1.334680005	1.41496241	0.776259662	0	0	0	2.392422796	0	0	0	0	0	0	0	0	0	0	0	0	0	0	0	0	0	0	0	0	0
Penicillium_rubens	1.687454499	1.758352496	1.867600155	1.641502743	1.116084445	1.372258662	1.08039605	1.522737246	0.29747703	0	1.136951128	0	0	0	0	0	0	0	0	0	0	0	0	0	0	0	0	0	0	0	0	0
Pseudomicrostroma_glucosiphilum	0.927680879	0	0	1.150237824	0.898139246	1.994853901	1.395016947	1.398557347	1.807347355	0	0	0	0	0	0	0	0	0	0	0	0	0	0	0	0	0	0	0	0	0	0	0
Aspergillus_glaucus	1.618465437	0	0	1.525361495	0.991859143	1.712978209	1.083053495	1.763730712	0.923563844	0.342680726	0	0	0	0	0	0	0	0	0	0	0	0	0	0	0	0	0	0	0	0	0	0
Meyerozyma_guilliermondii	1.172503529	0	0	1.426615654	1.411254255	1.4628299	0.995139906	0	0	1.460834902	1.775789096	0	0	0	0	0	0	0	0	0	0	0	0	0	0	0	0	0	0	0	0	0
Torulaspora_delbrueckii	0	0	0	2.164575187	0	0	1.21500136	0	0	0	0	0	0	0	0	0	0	0	0	0	0	0	0	0	0	0	0	0	0	0	0	0
Fusarium_oxysporum_f_sp_lycopersici_4287	0.534632137	0	1.678553177	0.944272158	1.104471591	1.388526012	0	1.052401702	0.600510628	0	1.543094667	0	0	0	0	0	0	0	0	0	0	0	0	0	0	0	0	0	0	0	0	0
Nosema_ceranae	0	0	0	0	0	0	2.07004253	0	0	0	0	0	0	0	0	0	0	0	0	0	0	0	0	0	0	0	0	0	0	0	0	0
Yarrowia_lipolytica	0	0	0	1.083223971	0	1.673034339	1.487843911	1.323137189	0	0	0	0	0	0	0	0	0	0	0	0	0	0	0	0	0	0	0	0	0	0	0	0
Aspergillus_niger_or_lacticoffeatus	1.887265038	0	0	1.072224336	0	1.225371255	0	0	0	0	0	0	0	0	0	0	0	0	0	0	0	0	0	0	0	0	0	0	0	0	0	0
Chaetomium_globosum	0.648193464	0	0	1.098333071	0.949306231	1.740106122	1.170318721	0	0	0.236702643	0	0	0	0	0	0	0	0	0	0	0	0	0	0	0	0	0	0	0	0	0	0
Exserohilum_turcica	0	0	0	1.028347353	1.259734323	1.291501075	0.468711505	1.595845308	0	0	0	0	0	0	0	0	0	0	0	0	0	0	0	0	0	0	0	0	0	0	0	0
Trichosporon_asahii	0	0	1.7208819	0.174524613	0	0	1.152349937	0.786643233	0	0	0	0	0	0	0	0	0	0	0	0	0	0	0	0	0	0	0	0	0	0	0	0
Nectria_haematococca	0	0	0	0.249453541	1.013002801	0.85713298	0.472003254	1.677884905	0	0	0.638898931	0	0	0	0	0	0	0	0	0	0	0	0	0	0	0	0	0	0	0	0	0
Aspergillus_welwitschiae	1.829337529	0	0	0.762930371	0	0	0	0	0	0	0	0	0	0	0	0	0	0	0	0	0	0	0	0	0	0	0	0	0	0	0	0
Bipolaris_sorokiniana	0	0	1.253201911	0.883477012	0	1.57364457	0.965146139	0	0	0	0	0	0	0	0	0	0	0	0	0	0	0	0	0	0	0	0	0	0	0	0	0
Aspergillus_oryzae	0	0	1.757647902	0.976980946	0	0	0	0	0	0	0	0	0	0	0	0	0	0	0	0	0	0	0	0	0	0	0	0	0	0	0	0
Penicillium_expansum	0	0	0	0.739288895	1.135643073	1.602069596	0.39528042	0	0	0	0	0	0	0	0	0	0	0	0	0	0	0	0	0	0	0	0	0	0	0	0	0
Aureobasidium_subglaciale	0.994536591	0	0	0.933512232	1.382522299	1.170941368	0.578314402	0	0	0	0	0	0	0	0	0	0	0	0	0	0	0	0	0	0	0	0	0	0	0	0	0
Fusarium_graminearum	1.600770579	0	0	0.766755415	0	1.017445222	0	0	0	0	0	0	0	0	0	0	0	0	0	0	0	0	0	0	0	0	0	0	0	0	0	0
Aspergillus_fumigatus	1.339821494	0	0	0.625999418	0	1.036084155	0.856509576	0	0	0	1.046176551	0	0	0	0	0	0	0	0	0	0	0	0	0	0	0	0	0	0	0	0	0
Parastagonospora_nodorum	0.968254322	0	0	0.837511133	1.15866994	1.022749397	0.581072017	0	0	0	0	0	0	0	0	0	0	0	0	0	0	0	0	0	0	0	0	0	0	0	0	0
Pyrenophora_tritici_repentis	0	0	1.201502265	0.851582211	0.791237307	0.968767486	0.58178515	0	0	0	0	0	0	0	0	0	0	0	0	0	0	0	0	0	0	0	0	0	0	0	0	0
Cercospora_beticola	0.076360884	0	1.21629494	0.602536823	0.53682065	0.859630569	0.711895978	0	0.044275069	0	0	0	0	0	0	0	0	0	0	0	0	0	0	0	0	0	0	0	0	0	0	0
Trichoderma_atroviride	0.995575875	0	0	0.73963766	0	1.205910936	0.81684378	0	0	0	0	0	0	0	0	0	0	0	0	0	0	0	0	0	0	0	0	0	0	0	0	0
Debaryomyces_fabryi	1.497960073	0	0	0	0	0	0	0	0	0	0	0	0	0	0	0	0	0	0	0	0	0	0	0	0	0	0	0	0	0	0	0
Trichoderma_harzianum	0	0	0	0.690125189	0	0.709364218	0	1.325908709	0	0	0	0	0	0	0	0	0	0	0	0	0	0	0	0	0	0	0	0	0	0	0	0
Byssochlamys_spectabilis	0	0	1.312666985	0.439519284	0	0.887504524	0	0	0	0	0	0	0	0	0	0	0	0	0	0	0	0	0	0	0	0	0	0	0	0	0	0
Lodderomyces_elongisporus	0	0	0	1.004281582	1.291616545	0	0	0	0	0	0	0	0	0	0	0	0	0	0	0	0	0	0	0	0	0	0	0	0	0	0	0
Moesziomyces_antarcticus	0.773841175	0	0	0.169523522	0	0.948220179	0.449559012	0	0	0	0.916428152	0	0	0	0	0	0	0	0	0	0	0	0	0	0	0	0	0	0	0	0	0
Ustilago_maydis	0	0	0	0.834713867	0.776739986	0.829001058	0.662382127	0	0	0	0	0	0	0	0	0	0	0	0	0	0	0	0	0	0	0	0	0	0	0	0	0
Beauveria_bassiana	0.956782942	0	0	0.638278767	0	0.852114052	0.56073199	0	0	0	0	0	0	0	0	0	0	0	0	0	0	0	0	0	0	0	0	0	0	0	0	0
Bipolaris_maydis	1.057840123	0	0	1.078826188	0	0	0	0	0	0	0	0	0	0	0	0	0	0	0	0	0	0	0	0	0	0	0	0	0	0	0	0
Melampsora_larici_populina	0	0	0	0.646991827	1.206479525	0	0.239543038	0	0	0	0	0	0	0	0	0	0	0	0	0	0	0	0	0	0	0	0	0	0	0	0	0
Cyphellophora_europaea	0.775597245	0	0	0.706959731	0	0.810727788	0.671681256	0	0	0	0	0	0	0	0	0	0	0	0	0	0	0	0	0	0	0	0	0	0	0	0	0
Sordaria_macrospora	0	0	0	0.354163229	0.85474984	0.926489966	0.614975507	0	0	0	0	0	0	0	0	0	0	0	0	0	0	0	0	0	0	0	0	0	0	0	0	0
Bipolaris_victoriae	0	0	0	0.759202052	0	1.115778719	0	0	0	0	0	0	0	0	0	0	0	0	0	0	0	0	0	0	0	0	0	0	0	0	0	0
Paraphaeosphaeria_sporulosa	0	0	0	0.673340923	0	0.541015398	0.390682016	0.817706711	0	0	0	0	0	0	0	0	0	0	0	0	0	0	0	0	0	0	0	0	0	0	0	0
Clavispora_lusitaniae	0	0	0	1.206990921	0	0	0	0	0	0	0	0	0	0	0	0	0	0	0	0	0	0	0	0	0	0	0	0	0	0	0	0
Trichophyton_rubrum	0	0	0	1.170952685	0	0	0	0	0	0	0	0	0	0	0	0	0	0	0	0	0	0	0	0	0	0	0	0	0	0	0	0
Leptosphaeria_maculans	0	0	0	0	0.713971065	0.891014195	0	0	0	0	0	0	0	0	0	0	0	0	0	0	0	0	0	0	0	0	0	0	0	0	0	0
Sporisorium_graminicola	1.014320146	0	0	0.032246886	0	0	0	0	0	0	0	0	0	0	0	0	0	0	0	0	0	0	0	0	0	0	0	0	0	0	0	0
Bipolaris_zeicola	0	0	0	1.051382768	0	0	0	0	0	0	0	0	0	0	0	0	0	0	0	0	0	0	0	0	0	0	0	0	0	0	0	0
Purpureocillium_lilacinum	0	0	0	0.26389845	0	0	0.955338678	0	0	0	0	0	0	0	0	0	0	0	0	0	0	0	0	0	0	0	0	0	0	0	0	0
Aspergillus_nidulans	0.891581139	0	0	0.47853284	0	0	0	0	0	0	0	0	0	0	0	0	0	0	0	0	0	0	0	0	0	0	0	0	0	0	0	0
Aspergillus_steynii	0	0	0	0.139946631	0	0	0	0.973389951	0	0	0	0	0	0	0	0	0	0	0	0	0	0	0	0	0	0	0	0	0	0	0	0
Trichoderma_citrinoviride	0	0	0	0.289393268	0	0.816062916	0.287732569	0	0	0	0	0	0	0	0	0	0	0	0	0	0	0	0	0	0	0	0	0	0	0	0	0
Colletotrichum_higginsianum	0	0	0	-0.117004288	0.947920887	0	0	0	0	0	0	0	0	0	0	0	0	0	0	0	0	0	0	0	0	0	0	0	0	0	0	0
Agaricus_bisporus	0	0	0	0	0	0	0	0	0	0	0.957152096	0	0	0	0	0	0	0	0	0	0	0	0	0	0	0	0	0	0	0	0	0
Pestalotiopsis_fici	0	0	0	0	0	0	0	0.894408831	0	0	0	0	0	0	0	0	0	0	0	0	0	0	0	0	0	0	0	0	0	0	0	0
Acaromyces_ingoldii	0	0	0	0.322373076	0	0.708519427	0	0	0	0	0	0	0	0	0	0	0	0	0	0	0	0	0	0	0	0	0	0	0	0	0	0
Schizophyllum_commune	0	0	0	-0.149253235	0.510680308	0	0.405521011	0	0	0	0	0	0	0	0	0	0	0	0	0	0	0	0	0	0	0	0	0	0	0	0	0
Exophiala_xenobiotica	0.634938904	0	0	0.308992085	0	0	0	0	0	0	0	0	0	0	0	0	0	0	0	0	0	0	0	0	0	0	0	0	0	0	0	0
Pyricularia_oryzae	0	0	0	0.774539352	0	0	0	0	0	0	0	0	0	0	0	0	0	0	0	0	0	0	0	0	0	0	0	0	0	0	0	0
Talaromyces_atroroseus	0.773349839	0	0	0	0	0	0	0	0	0	0	0	0	0	0	0	0	0	0	0	0	0	0	0	0	0	0	0	0	0	0	0
Phaeoacremonium_minimum	0	0	0	0.182216068	0	0.454099946	0.183728719	0	0	0	0	0	0	0	0	0	0	0	0	0	0	0	0	0	0	0	0	0	0	0	0	0
Aspergillus_uvarum	0	0	0	0	0	0.701652393	0	0	0	0	0	0	0	0	0	0	0	0	0	0	0	0	0	0	0	0	0	0	0	0	0	0
Exophiala_dermatitidis	0	0	0	0.637280543	0	0	0	0	0	0	0	0	0	0	0	0	0	0	0	0	0	0	0	0	0	0	0	0	0	0	0	0
Bipolaris_oryzae	0	0	0	0.611401845	0	0	0	0	0	0	0	0	0	0	0	0	0	0	0	0	0	0	0	0	0	0	0	0	0	0	0	0
Rhodotorula_graminis	0	0	0	0.586156681	0	0	0	0	0	0	0	0	0	0	0	0	0	0	0	0	0	0	0	0	0	0	0	0	0	0	0	0
Talaromyces_marneffei	0.561527187	0	0	0	0	0	0	0	0	0	0	0	0	0	0	0	0	0	0	0	0	0	0	0	0	0	0	0	0	0	0	0
Gloeophyllum_trabeum	0.557433496	0	0	0	0	0	0	0	0	0	0	0	0	0	0	0	0	0	0	0	0	0	0	0	0	0	0	0	0	0	0	0
Fusarium_venenatum	0	0	0	0.515979359	0	0	0	0	0	0	0	0	0	0	0	0	0	0	0	0	0	0	0	0	0	0	0	0	0	0	0	0
Trametes_versicolor	0.495699874	0	0	0	0	0	0	0	0	0	0	0	0	0	0	0	0	0	0	0	0	0	0	0	0	0	0	0	0	0	0	0
Thermothelomyces_thermophilus	0	0	0	0.487175802	0	0	0	0	0	0	0	0	0	0	0	0	0	0	0	0	0	0	0	0	0	0	0	0	0	0	0	0
Exophiala_oligosperma	0.462550571	0	0	0	0	0	0	0	0	0	0	0	0	0	0	0	0	0	0	0	0	0	0	0	0	0	0	0	0	0	0	0
Stereum_hirsutum	0.44965703	0	0	0	0	0	0	0	0	0	0	0	0	0	0	0	0	0	0	0	0	0	0	0	0	0	0	0	0	0	0	0
Sclerotinia_sclerotiorum	0	0	0	0.394848832	0	0	0	0	0	0	0	0	0	0	0	0	0	0	0	0	0	0	0	0	0	0	0	0	0	0	0	0
Diplodia_corticola	0	0	0	0.366708704	0	0	0	0	0	0	0	0	0	0	0	0	0	0	0	0	0	0	0	0	0	0	0	0	0	0	0	0
Phialophora_attae	0	0	0	0.360026869	0	0	0	0	0	0	0	0	0	0	0	0	0	0	0	0	0	0	0	0	0	0	0	0	0	0	0	0
Exophiala_mesophila	0	0	0	0.281475919	0	0	0	0	0	0	0	0	0	0	0	0	0	0	0	0	0	0	0	0	0	0	0	0	0	0	0	0
Tilletiopsis_washingtonensis	0.199528822	0	0	0	0	0	0	0	0	0	0	0	0	0	0	0	0	0	0	0	0	0	0	0	0	0	0	0	0	0	0	0
Trichoderma_gamsii	0	0	0	0.129919403	0	0	0	0	0	0	0	0	0	0	0	0	0	0	0	0	0	0	0	0	0	0	0	0	0	0	0	0
Pseudozyma_hubeiensis	0	0	0	0.119925798	0	0	0	0	0	0	0	0	0	0	0	0	0	0	0	0	0	0	0	0	0	0	0	0	0	0	0	0
Exophiala_spinifera	0	0	0	0.051985911	0	0	0	0	0	0	0	0	0	0	0	0	0	0	0	0	0	0	0	0	0	0	0	0	0	0	0	0